<?xml version="1.0" encoding="utf-8"?>
<COLLADA xmlns="http://www.collada.org/2005/11/COLLADASchema" version="1.4.1">
  <asset>
    <contributor>
      <author/>
      <authoring_tool>FBX COLLADA exporter</authoring_tool>
      <comments/>
    </contributor>
    <created>2024-04-05T06:59:00Z</created>
    <keywords/>
    <modified>2024-04-05T06:59:00Z</modified>
    <revision/>
    <subject/>
    <title/>
    <unit meter="0.010000" name="centimeter"/>
    <up_axis>Y_UP</up_axis>
  </asset>
  <library_animations>
    <animation id="bone_horse_hip-anim" name="bone_horse_hip">
      <animation>
        <source id="bone_horse_hip-Matrix-animation-input">
          <float_array id="bone_horse_hip-Matrix-animation-input-array" count="35">

0.033333 0.066667 0.100000 0.133333 0.166667 0.200000 0.233333 0.266667 0.300000 0.333333 0.366667 0.400000 0.433333 0.466667 0.500000 0.533333
0.566667 0.600000 0.633333 0.666667 0.700000 0.733333 0.766667 0.800000 0.833333 0.866667 0.900000 0.933333 0.966667 1.000000 1.033333 1.066667
1.100000 1.133333 1.166667</float_array>
          <technique_common>
            <accessor source="#bone_horse_hip-Matrix-animation-input-array" count="35">
              <param name="TIME" type="float"/>
            </accessor>
          </technique_common>
        </source>
        <source id="bone_horse_hip-Matrix-animation-output-transform">
          <float_array id="bone_horse_hip-Matrix-animation-output-transform-array" count="560">

-0.020337 -0.134760 0.990670 -0.467123 0.272829 -0.954015 -0.124173 162.176636 0.961848 0.267758 0.056168 -65.945930 0.000000 0.000000 0.000000 1.000000
-0.016195 -0.139290 0.990119 -0.388065 0.235132 -0.963009 -0.131630 159.435440 0.971829 0.230677 0.048348 -64.502335 0.000000 0.000000 0.000000 1.000000
-0.005644 -0.154610 0.987959 -0.290135 0.150516 -0.976851 -0.152012 152.598862 0.988592 0.147845 0.028784 -60.661560 0.000000 0.000000 0.000000 1.000000
0.008357 -0.182109 0.983243 -0.320414 0.063347 -0.981206 -0.182270 143.455383 0.997957 0.063809 0.003336 -55.163979 0.000000 0.000000 0.000000 1.000000
0.027139 -0.218741 0.975405 -0.485923 0.019927 -0.975453 -0.219306 133.089294 0.999433 0.025389 -0.022114 -48.882004 0.000000 0.000000 0.000000 1.000000
0.051392 -0.258359 0.964681 -0.630524 0.030639 -0.965095 -0.260102 122.924278 0.998208 0.042924 -0.041682 -44.571304 0.000000 0.000000 0.000000 1.000000
0.074811 -0.296584 0.952072 -0.560341 0.072856 -0.950570 -0.301841 115.218346 0.994533 0.091945 -0.049505 -42.322487 0.000000 0.000000 0.000000 1.000000
0.097224 -0.330567 0.938761 -0.265005 0.142305 -0.928921 -0.341840 112.069031 0.985036 0.166825 -0.043272 -39.973740 0.000000 0.000000 0.000000 1.000000
0.122399 -0.357935 0.925689 0.172363 0.232354 -0.896447 -0.377351 116.475891 0.964899 0.261275 -0.026557 -39.013260 0.000000 0.000000 0.000000 1.000000
0.151305 -0.376397 0.914020 0.714448 0.335535 -0.850208 -0.405663 127.954056 0.929797 0.368065 -0.002347 -40.984024 0.000000 0.000000 0.000000 1.000000
0.182468 -0.383820 0.905201 1.359709 0.443913 -0.789319 -0.424166 143.371613 0.877295 0.479227 0.026357 -47.785969 0.000000 0.000000 0.000000 1.000000
0.212090 -0.378738 0.900875 2.115172 0.550052 -0.715692 -0.430382 159.451202 0.807751 0.586807 0.056535 -58.942204 0.000000 0.000000 0.000000 1.000000
0.237726 -0.363981 0.900558 2.754230 0.646931 -0.632248 -0.426312 172.858734 0.724546 0.683945 0.085169 -72.476067 0.000000 0.000000 0.000000 1.000000
0.259443 -0.343421 0.902636 3.163038 0.728836 -0.543589 -0.416304 180.154922 0.633631 0.765881 0.109267 -86.353729 0.000000 0.000000 0.000000 1.000000
0.275869 -0.317717 0.907167 3.535136 0.793414 -0.457484 -0.401501 180.538254 0.542578 0.830520 0.125875 -98.440186 0.000000 0.000000 0.000000 1.000000
0.285901 -0.287048 0.914256 3.936538 0.840899 -0.382353 -0.383008 176.466461 0.459510 0.878299 0.132064 -106.486549 0.000000 0.000000 0.000000 1.000000
0.287579 -0.254182 0.923412 4.322017 0.873836 -0.325038 -0.361610 169.249252 0.392058 0.910902 0.128639 -108.174263 0.000000 0.000000 0.000000 1.000000
0.279915 -0.223224 0.933712 4.563686 0.895033 -0.291088 -0.337910 160.254791 0.347222 0.930290 0.118313 -100.068535 0.000000 0.000000 0.000000 1.000000
0.264353 -0.195094 0.944487 4.646097 0.905680 -0.286357 -0.312641 150.865265 0.331455 0.938050 0.100993 -82.360252 0.000000 0.000000 0.000000 1.000000
0.236549 -0.178943 0.954999 4.254550 0.891564 -0.350715 -0.286552 141.074905 0.386209 0.919227 0.076578 -59.570530 0.000000 0.000000 0.000000 1.000000
0.199396 -0.173458 0.964445 3.456918 0.828714 -0.495387 -0.260431 132.450851 0.522948 0.851178 0.044969 -36.062691 0.000000 0.000000 0.000000 1.000000
0.165097 -0.167513 0.971948 2.634809 0.700479 -0.673831 -0.235118 127.989166 0.694314 0.719646 0.006092 -14.744724 0.000000 0.000000 0.000000 1.000000
0.144846 -0.159255 0.976554 1.734830 0.507844 -0.835080 -0.211509 127.205299 0.849184 0.526573 -0.040081 2.333613 0.000000 0.000000 0.000000 1.000000
0.145285 -0.154722 0.977217 0.399138 0.279383 -0.941085 -0.190538 128.064041 0.949125 0.300700 -0.093499 14.206035 0.000000 0.000000 0.000000 1.000000
0.171424 -0.160426 0.972048 -1.724392 0.061041 -0.983028 -0.173003 128.945679 0.983305 0.088991 -0.158722 20.305719 0.000000 0.000000 0.000000 1.000000
0.182060 -0.174456 0.967688 -3.754713 -0.093740 -0.982732 -0.159532 130.760529 0.978809 -0.061666 -0.195270 19.387869 0.000000 0.000000 0.000000 1.000000
0.071076 -0.162092 0.984213 -2.054047 -0.133104 -0.979425 -0.151691 132.874695 0.988550 -0.120221 -0.091189 12.865834 0.000000 0.000000 0.000000 1.000000
-0.001114 -0.144674 0.989479 -0.461693 -0.104897 -0.984004 -0.143991 135.506958 0.994482 -0.103954 -0.014080 4.205553 0.000000 0.000000 0.000000 1.000000
-0.033677 -0.135726 0.990174 0.246460 -0.055549 -0.988950 -0.137448 139.248688 0.997888 -0.059632 0.025766 -7.225638 0.000000 0.000000 0.000000 1.000000
-0.041170 -0.132709 0.990300 0.306491 0.008713 -0.991150 -0.132461 143.761429 0.999114 0.003175 0.041962 -20.226921 0.000000 0.000000 0.000000 1.000000
-0.038023 -0.132274 0.990484 0.123896 0.080754 -0.988365 -0.128892 148.680023 0.996009 0.075084 0.048262 -33.543831 0.000000 0.000000 0.000000 1.000000
-0.033248 -0.132991 0.990559 -0.085697 0.152213 -0.980220 -0.126494 153.570160 0.987788 0.146571 0.052834 -45.953201 0.000000 0.000000 0.000000 1.000000
-0.027411 -0.133913 0.990614 -0.280544 0.213745 -0.968852 -0.125056 157.892181 0.976505 0.208311 0.055181 -56.272392 0.000000 0.000000 0.000000 1.000000
-0.022441 -0.134545 0.990653 -0.416724 0.256689 -0.958460 -0.124358 160.993698 0.966233 0.251499 0.056045 -63.329506 0.000000 0.000000 0.000000 1.000000
-0.020337 -0.134760 0.990670 -0.467124 0.272829 -0.954015 -0.124173 162.176636 0.961848 0.267758 0.056168 -65.945930 0.000000 0.000000 0.000000 1.000000</float_array>
          <technique_common>
            <accessor source="#bone_horse_hip-Matrix-animation-output-transform-array" count="35" stride="16">
              <param type="float4x4"/>
            </accessor>
          </technique_common>
        </source>
        <source id="bone_horse_hip-Interpolations">
          <Name_array id="bone_horse_hip-Interpolations-array" count="35">
 LINEAR LINEAR LINEAR LINEAR LINEAR LINEAR LINEAR LINEAR LINEAR LINEAR LINEAR
LINEAR LINEAR LINEAR LINEAR LINEAR LINEAR LINEAR LINEAR LINEAR LINEAR LINEAR LINEAR
LINEAR LINEAR LINEAR LINEAR LINEAR LINEAR LINEAR LINEAR LINEAR LINEAR LINEAR LINEAR</Name_array>
          <technique_common>
            <accessor source="#bone_horse_hip-Interpolations-array" count="35">
              <param type="name"/>
            </accessor>
          </technique_common>
        </source>
        <sampler id="bone_horse_hip-Matrix-animation-transform">
          <input semantic="INPUT" source="#bone_horse_hip-Matrix-animation-input"/>
          <input semantic="OUTPUT" source="#bone_horse_hip-Matrix-animation-output-transform"/>
          <input semantic="INTERPOLATION" source="#bone_horse_hip-Interpolations"/>
        </sampler>
        <channel source="#bone_horse_hip-Matrix-animation-transform" target="bone_horse_hip/matrix"/>
      </animation>
      <animation>
        <source id="bone_horse_hip-visibility-animation-input">
          <float_array id="bone_horse_hip-visibility-animation-input-array" count="35">

0.033333 0.066667 0.100000 0.133333 0.166667 0.200000 0.233333 0.266667 0.300000 0.333333 0.366667 0.400000 0.433333 0.466667 0.500000 0.533333
0.566667 0.600000 0.633333 0.666667 0.700000 0.733333 0.766667 0.800000 0.833333 0.866667 0.900000 0.933333 0.966667 1.000000 1.033333 1.066667
1.100000 1.133333 1.166667</float_array>
          <technique_common>
            <accessor source="#bone_horse_hip-visibility-animation-input-array" count="35">
              <param name="TIME" type="float"/>
            </accessor>
          </technique_common>
        </source>
        <source id="bone_horse_hip-visibility-animation-output">
          <float_array id="bone_horse_hip-visibility-animation-output-array" count="35">

1.000000 1.000000 1.000000 1.000000 1.000000 1.000000 1.000000 1.000000 1.000000 1.000000 1.000000 1.000000 1.000000 1.000000 1.000000 1.000000
1.000000 1.000000 1.000000 1.000000 1.000000 1.000000 1.000000 1.000000 1.000000 1.000000 1.000000 1.000000 1.000000 1.000000 1.000000 1.000000
1.000000 1.000000 1.000000</float_array>
          <technique_common>
            <accessor source="#bone_horse_hip-visibility-animation-output-array" count="35">
              <param type="float"/>
            </accessor>
          </technique_common>
        </source>
        <source id="bone_horse_hip-visibility-animation-intan">
          <float_array id="bone_horse_hip-visibility-animation-intan-array" count="35">

0.000000 0.000000 0.000000 0.000000 0.000000 0.000000 0.000000 0.000000 0.000000 0.000000 0.000000 0.000000 0.000000 0.000000 0.000000 0.000000
0.000000 0.000000 0.000000 0.000000 0.000000 0.000000 0.000000 0.000000 0.000000 0.000000 0.000000 0.000000 0.000000 0.000000 0.000000 0.000000
0.000000 0.000000 0.000000</float_array>
          <technique_common>
            <accessor source="#bone_horse_hip-visibility-animation-intan-array" count="35">
              <param type="float"/>
            </accessor>
          </technique_common>
        </source>
        <source id="bone_horse_hip-visibility-animation-outtan">
          <float_array id="bone_horse_hip-visibility-animation-outtan-array" count="35">

0.000000 0.000000 0.000000 0.000000 0.000000 0.000000 0.000000 0.000000 0.000000 0.000000 0.000000 0.000000 0.000000 0.000000 0.000000 0.000000
0.000000 0.000000 0.000000 0.000000 0.000000 0.000000 0.000000 0.000000 0.000000 0.000000 0.000000 0.000000 0.000000 0.000000 0.000000 0.000000
0.000000 0.000000 0.000000</float_array>
          <technique_common>
            <accessor source="#bone_horse_hip-visibility-animation-outtan-array" count="35">
              <param type="float"/>
            </accessor>
          </technique_common>
        </source>
        <source id="bone_horse_hip-visibility-animation-interpolation">
          <Name_array id="bone_horse_hip-visibility-animation-interpolation-array" count="35">
 BEZIER BEZIER BEZIER BEZIER BEZIER BEZIER BEZIER BEZIER BEZIER BEZIER BEZIER
BEZIER BEZIER BEZIER BEZIER BEZIER BEZIER BEZIER BEZIER BEZIER BEZIER BEZIER BEZIER
BEZIER BEZIER BEZIER BEZIER BEZIER BEZIER BEZIER BEZIER BEZIER BEZIER BEZIER BEZIER</Name_array>
          <technique_common>
            <accessor source="#bone_horse_hip-visibility-animation-interpolation-array" count="35">
              <param type="name"/>
            </accessor>
          </technique_common>
        </source>
        <sampler id="bone_horse_hip-visibility-animation">
          <input semantic="INPUT" source="#bone_horse_hip-visibility-animation-input"/>
          <input semantic="OUTPUT" source="#bone_horse_hip-visibility-animation-output"/>
          <input semantic="IN_TANGENT" source="#bone_horse_hip-visibility-animation-intan"/>
          <input semantic="OUT_TANGENT" source="#bone_horse_hip-visibility-animation-outtan"/>
          <input semantic="INTERPOLATION" source="#bone_horse_hip-visibility-animation-interpolation"/>
        </sampler>
        <channel source="#bone_horse_hip-visibility-animation" target="bone_horse_hip/visibility"/>
      </animation>
    </animation>
    <animation id="bone_RR_thight-anim" name="bone_RR_thight">
      <animation>
        <source id="bone_RR_thight-Matrix-animation-input">
          <float_array id="bone_RR_thight-Matrix-animation-input-array" count="35">

0.033333 0.066667 0.100000 0.133333 0.166667 0.200000 0.233333 0.266667 0.300000 0.333333 0.366667 0.400000 0.433333 0.466667 0.500000 0.533333
0.566667 0.600000 0.633333 0.666667 0.700000 0.733333 0.766667 0.800000 0.833333 0.866667 0.900000 0.933333 0.966667 1.000000 1.033333 1.066667
1.100000 1.133333 1.166667</float_array>
          <technique_common>
            <accessor source="#bone_RR_thight-Matrix-animation-input-array" count="35">
              <param name="TIME" type="float"/>
            </accessor>
          </technique_common>
        </source>
        <source id="bone_RR_thight-Matrix-animation-output-transform">
          <float_array id="bone_RR_thight-Matrix-animation-output-transform-array" count="560">

-0.616889 -0.786906 -0.015033 0.000030 0.782647 -0.611309 -0.117324 -0.000004 0.083133 -0.084142 0.992980 -34.219631 0.000000 0.000000 0.000000 1.000000
-0.652655 -0.757568 -0.011468 0.000030 0.752892 -0.646783 -0.121755 -0.000004 0.084821 -0.088098 0.992494 -34.219631 0.000000 0.000000 0.000000 1.000000
-0.687257 -0.726411 -0.002200 0.000030 0.719848 -0.680635 -0.136216 -0.000004 0.097451 -0.095199 0.990677 -34.219631 0.000000 0.000000 0.000000 1.000000
-0.717265 -0.696727 0.010108 0.000030 0.686422 -0.709003 -0.161680 -0.000004 0.119813 -0.109029 0.986791 -34.219631 0.000000 0.000000 0.000000 1.000000
-0.767514 -0.640499 0.026123 0.000030 0.624397 -0.756200 -0.195679 -0.000004 0.145087 -0.133876 0.980320 -34.219631 0.000000 0.000000 0.000000 1.000000
-0.827276 -0.559996 0.044926 0.000030 0.536650 -0.811374 -0.231689 -0.000004 0.166197 -0.167562 0.971752 -34.219631 0.000000 0.000000 0.000000 1.000000
-0.870363 -0.488754 0.059903 0.000030 0.458167 -0.848393 -0.265167 -0.000004 0.180422 -0.203346 0.962340 -34.219631 0.000000 0.000000 0.000000 1.000000
-0.896174 -0.437627 0.073174 0.000030 0.399477 -0.867576 -0.296193 -0.000004 0.193106 -0.236209 0.952321 -34.219631 0.000000 0.000000 0.000000 1.000000
-0.897147 -0.432006 0.092188 0.000030 0.382928 -0.864631 -0.325236 -0.000004 0.220213 -0.256483 0.941128 -34.219631 0.000000 0.000000 0.000000 1.000000
-0.877029 -0.465813 0.117639 0.000030 0.402809 -0.846388 -0.348386 -0.000004 0.261851 -0.258158 0.929940 -34.219631 0.000000 0.000000 0.000000 1.000000
-0.848853 -0.508354 0.144997 0.000030 0.433446 -0.826334 -0.359579 -0.000004 0.302609 -0.242382 0.921780 -34.219631 0.000000 0.000000 0.000000 1.000000
-0.734346 -0.657479 0.168696 0.000030 0.573648 -0.733997 -0.363561 -0.000004 0.362856 -0.170207 0.916169 -34.219631 0.000000 0.000000 0.000000 1.000000
-0.851434 -0.489064 0.189411 0.000030 0.406110 -0.843326 -0.351961 -0.000004 0.331867 -0.222749 0.916650 -34.219631 0.000000 0.000000 0.000000 1.000000
-0.976269 -0.059636 0.208189 0.000030 -0.010289 -0.947477 -0.319657 -0.000004 0.216318 -0.314213 0.924379 -34.219631 0.000000 0.000000 0.000000 1.000000
-0.976264 0.002708 0.216569 0.000030 -0.069189 -0.951428 -0.299995 -0.000004 0.205238 -0.307859 0.929032 -34.219631 0.000000 0.000000 0.000000 1.000000
-0.975193 0.050792 0.215450 0.000030 -0.110129 -0.955637 -0.273184 -0.000004 0.192016 -0.290134 0.937524 -34.219631 0.000000 0.000000 0.000000 1.000000
-0.976028 0.075406 0.204163 0.000030 -0.124801 -0.962426 -0.241165 -0.000004 0.178306 -0.260864 0.948766 -34.219631 0.000000 0.000000 0.000000 1.000000
-0.977240 0.106132 0.183680 0.000030 -0.144159 -0.967453 -0.207971 -0.000004 0.155629 -0.229717 0.960734 -34.219631 0.000000 0.000000 0.000000 1.000000
-0.975333 0.156182 0.155991 0.000030 -0.182884 -0.967465 -0.174829 -0.000004 0.123611 -0.199045 0.972163 -34.219631 0.000000 0.000000 0.000000 1.000000
-0.978773 0.165847 0.120407 0.000030 -0.182660 -0.972346 -0.145528 -0.000004 0.092942 -0.164433 0.982000 -34.219631 0.000000 0.000000 0.000000 1.000000
-0.974478 -0.194414 0.112230 0.000030 0.180213 -0.975616 -0.125283 -0.000004 0.133850 -0.101861 0.985753 -34.219631 0.000000 0.000000 0.000000 1.000000
-0.842752 -0.526958 0.109927 0.000030 0.515522 -0.848859 -0.116943 -0.000004 0.154937 -0.041884 0.987036 -34.219631 0.000000 0.000000 0.000000 1.000000
-0.813308 -0.572060 0.106194 0.000030 0.564194 -0.820005 -0.096319 -0.000004 0.142180 -0.018423 0.989669 -34.219631 0.000000 0.000000 0.000000 1.000000
-0.744391 -0.655598 0.126782 0.000030 0.648964 -0.755008 -0.093855 -0.000004 0.157252 0.012412 0.987480 -34.219631 0.000000 0.000000 0.000000 1.000000
-0.652231 -0.738578 0.170578 0.000030 0.731404 -0.672296 -0.114306 -0.000004 0.199103 0.050208 0.978692 -34.219631 0.000000 0.000000 0.000000 1.000000
-0.552286 -0.811397 0.191351 0.000030 0.801087 -0.580070 -0.147572 -0.000004 0.230736 0.071787 0.970365 -34.219631 0.000000 0.000000 0.000000 1.000000
-0.496290 -0.864449 0.080147 0.000030 0.854745 -0.502701 -0.129239 -0.000004 0.152011 0.004365 0.988369 -34.219631 0.000000 0.000000 0.000000 1.000000
-0.492356 -0.870384 0.004130 0.000030 0.865468 -0.490069 -0.103912 -0.000004 0.092468 -0.047587 0.994578 -34.219631 0.000000 0.000000 0.000000 1.000000
-0.515454 -0.856304 -0.032416 0.000030 0.854456 -0.510741 -0.095126 -0.000004 0.064900 -0.076731 0.994937 -34.219631 0.000000 0.000000 0.000000 1.000000
-0.566206 -0.823171 -0.042424 0.000030 0.822271 -0.560511 -0.098478 -0.000004 0.057286 -0.090643 0.994235 -34.219631 0.000000 0.000000 0.000000 1.000000
-0.620330 -0.783346 -0.039498 0.000030 0.782139 -0.614033 -0.105931 -0.000004 0.058727 -0.096605 0.993589 -34.219631 0.000000 0.000000 0.000000 1.000000
-0.659109 -0.751319 -0.033106 0.000030 0.749396 -0.652455 -0.112732 -0.000004 0.063098 -0.099112 0.993074 -34.219631 0.000000 0.000000 0.000000 1.000000
-0.671093 -0.740959 -0.024794 0.000030 0.738064 -0.664567 -0.116677 -0.000004 0.069976 -0.096600 0.992860 -34.219631 0.000000 0.000000 0.000000 1.000000
-0.649974 -0.759746 -0.017874 0.000030 0.755966 -0.643975 -0.117522 -0.000004 0.077776 -0.089898 0.992909 -34.219631 0.000000 0.000000 0.000000 1.000000
-0.616888 -0.786908 -0.015034 0.000030 0.782648 -0.611307 -0.117325 -0.000004 0.083134 -0.084142 0.992980 -34.219631 0.000000 0.000000 0.000000 1.000000</float_array>
          <technique_common>
            <accessor source="#bone_RR_thight-Matrix-animation-output-transform-array" count="35" stride="16">
              <param type="float4x4"/>
            </accessor>
          </technique_common>
        </source>
        <source id="bone_RR_thight-Interpolations">
          <Name_array id="bone_RR_thight-Interpolations-array" count="35">
 LINEAR LINEAR LINEAR LINEAR LINEAR LINEAR LINEAR LINEAR LINEAR LINEAR LINEAR
LINEAR LINEAR LINEAR LINEAR LINEAR LINEAR LINEAR LINEAR LINEAR LINEAR LINEAR LINEAR
LINEAR LINEAR LINEAR LINEAR LINEAR LINEAR LINEAR LINEAR LINEAR LINEAR LINEAR LINEAR</Name_array>
          <technique_common>
            <accessor source="#bone_RR_thight-Interpolations-array" count="35">
              <param type="name"/>
            </accessor>
          </technique_common>
        </source>
        <sampler id="bone_RR_thight-Matrix-animation-transform">
          <input semantic="INPUT" source="#bone_RR_thight-Matrix-animation-input"/>
          <input semantic="OUTPUT" source="#bone_RR_thight-Matrix-animation-output-transform"/>
          <input semantic="INTERPOLATION" source="#bone_RR_thight-Interpolations"/>
        </sampler>
        <channel source="#bone_RR_thight-Matrix-animation-transform" target="bone_RR_thight/matrix"/>
      </animation>
      <animation>
        <source id="bone_RR_thight-visibility-animation-input">
          <float_array id="bone_RR_thight-visibility-animation-input-array" count="35">

0.033333 0.066667 0.100000 0.133333 0.166667 0.200000 0.233333 0.266667 0.300000 0.333333 0.366667 0.400000 0.433333 0.466667 0.500000 0.533333
0.566667 0.600000 0.633333 0.666667 0.700000 0.733333 0.766667 0.800000 0.833333 0.866667 0.900000 0.933333 0.966667 1.000000 1.033333 1.066667
1.100000 1.133333 1.166667</float_array>
          <technique_common>
            <accessor source="#bone_RR_thight-visibility-animation-input-array" count="35">
              <param name="TIME" type="float"/>
            </accessor>
          </technique_common>
        </source>
        <source id="bone_RR_thight-visibility-animation-output">
          <float_array id="bone_RR_thight-visibility-animation-output-array" count="35">

1.000000 1.000000 1.000000 1.000000 1.000000 1.000000 1.000000 1.000000 1.000000 1.000000 1.000000 1.000000 1.000000 1.000000 1.000000 1.000000
1.000000 1.000000 1.000000 1.000000 1.000000 1.000000 1.000000 1.000000 1.000000 1.000000 1.000000 1.000000 1.000000 1.000000 1.000000 1.000000
1.000000 1.000000 1.000000</float_array>
          <technique_common>
            <accessor source="#bone_RR_thight-visibility-animation-output-array" count="35">
              <param type="float"/>
            </accessor>
          </technique_common>
        </source>
        <source id="bone_RR_thight-visibility-animation-intan">
          <float_array id="bone_RR_thight-visibility-animation-intan-array" count="35">

0.000000 0.000000 0.000000 0.000000 0.000000 0.000000 0.000000 0.000000 0.000000 0.000000 0.000000 0.000000 0.000000 0.000000 0.000000 0.000000
0.000000 0.000000 0.000000 0.000000 0.000000 0.000000 0.000000 0.000000 0.000000 0.000000 0.000000 0.000000 0.000000 0.000000 0.000000 0.000000
0.000000 0.000000 0.000000</float_array>
          <technique_common>
            <accessor source="#bone_RR_thight-visibility-animation-intan-array" count="35">
              <param type="float"/>
            </accessor>
          </technique_common>
        </source>
        <source id="bone_RR_thight-visibility-animation-outtan">
          <float_array id="bone_RR_thight-visibility-animation-outtan-array" count="35">

0.000000 0.000000 0.000000 0.000000 0.000000 0.000000 0.000000 0.000000 0.000000 0.000000 0.000000 0.000000 0.000000 0.000000 0.000000 0.000000
0.000000 0.000000 0.000000 0.000000 0.000000 0.000000 0.000000 0.000000 0.000000 0.000000 0.000000 0.000000 0.000000 0.000000 0.000000 0.000000
0.000000 0.000000 0.000000</float_array>
          <technique_common>
            <accessor source="#bone_RR_thight-visibility-animation-outtan-array" count="35">
              <param type="float"/>
            </accessor>
          </technique_common>
        </source>
        <source id="bone_RR_thight-visibility-animation-interpolation">
          <Name_array id="bone_RR_thight-visibility-animation-interpolation-array" count="35">
 BEZIER BEZIER BEZIER BEZIER BEZIER BEZIER BEZIER BEZIER BEZIER BEZIER BEZIER
BEZIER BEZIER BEZIER BEZIER BEZIER BEZIER BEZIER BEZIER BEZIER BEZIER BEZIER BEZIER
BEZIER BEZIER BEZIER BEZIER BEZIER BEZIER BEZIER BEZIER BEZIER BEZIER BEZIER BEZIER</Name_array>
          <technique_common>
            <accessor source="#bone_RR_thight-visibility-animation-interpolation-array" count="35">
              <param type="name"/>
            </accessor>
          </technique_common>
        </source>
        <sampler id="bone_RR_thight-visibility-animation">
          <input semantic="INPUT" source="#bone_RR_thight-visibility-animation-input"/>
          <input semantic="OUTPUT" source="#bone_RR_thight-visibility-animation-output"/>
          <input semantic="IN_TANGENT" source="#bone_RR_thight-visibility-animation-intan"/>
          <input semantic="OUT_TANGENT" source="#bone_RR_thight-visibility-animation-outtan"/>
          <input semantic="INTERPOLATION" source="#bone_RR_thight-visibility-animation-interpolation"/>
        </sampler>
        <channel source="#bone_RR_thight-visibility-animation" target="bone_RR_thight/visibility"/>
      </animation>
    </animation>
    <animation id="bone_RR_leg-anim" name="bone_RR_leg">
      <animation>
        <source id="bone_RR_leg-Matrix-animation-input">
          <float_array id="bone_RR_leg-Matrix-animation-input-array" count="35">

0.033333 0.066667 0.100000 0.133333 0.166667 0.200000 0.233333 0.266667 0.300000 0.333333 0.366667 0.400000 0.433333 0.466667 0.500000 0.533333
0.566667 0.600000 0.633333 0.666667 0.700000 0.733333 0.766667 0.800000 0.833333 0.866667 0.900000 0.933333 0.966667 1.000000 1.033333 1.066667
1.100000 1.133333 1.166667</float_array>
          <technique_common>
            <accessor source="#bone_RR_leg-Matrix-animation-input-array" count="35">
              <param name="TIME" type="float"/>
            </accessor>
          </technique_common>
        </source>
        <source id="bone_RR_leg-Matrix-animation-output-transform">
          <float_array id="bone_RR_leg-Matrix-animation-output-transform-array" count="560">

0.981326 0.192352 0.000258 90.565811 -0.192353 0.981324 0.001738 0.000162 0.000081 -0.001755 0.999998 0.000043 0.000000 0.000000 0.000000 1.000000
0.935937 0.352167 0.000011 90.565811 -0.352167 0.935937 -0.000000 0.000165 -0.000010 -0.000003 1.000000 0.000024 0.000000 0.000000 0.000000 1.000000
0.835546 0.549421 0.000320 90.565811 -0.549419 0.835542 0.002739 0.000173 0.001238 -0.002464 0.999996 0.000006 0.000000 0.000000 0.000000 1.000000
0.726181 0.687502 0.001592 90.565811 -0.687486 0.726143 0.008960 0.000189 0.005004 -0.007601 0.999959 -0.000008 0.000000 0.000000 0.000000 1.000000
0.629371 0.777097 0.003544 90.565811 -0.777040 0.629252 0.015821 0.000210 0.010065 -0.012711 0.999869 -0.000030 0.000000 0.000000 0.000000 1.000000
0.524290 0.851515 0.006538 90.565811 -0.851366 0.524013 0.024203 0.000232 0.017183 -0.018256 0.999686 -0.000052 0.000000 0.000000 0.000000 1.000000
0.422282 0.906406 0.010325 90.565811 -0.906103 0.421764 0.033041 0.000253 0.025594 -0.023308 0.999401 -0.000063 0.000000 0.000000 0.000000 1.000000
0.379459 0.925128 0.012179 90.565811 -0.924737 0.378812 0.036923 0.000272 0.029545 -0.025274 0.999244 -0.000065 0.000000 0.000000 0.000000 1.000000
0.438977 0.898446 0.009645 90.565811 -0.898174 0.438506 0.031553 0.000289 0.024119 -0.022514 0.999456 -0.000062 0.000000 0.000000 0.000000 1.000000
0.587538 0.809183 0.004627 90.565811 -0.809097 0.587366 0.019056 0.000300 0.012702 -0.014940 0.999808 -0.000056 0.000000 0.000000 0.000000 1.000000
0.747755 0.663974 0.001262 90.565811 -0.663963 0.747727 0.007576 0.000302 0.004086 -0.006503 0.999971 -0.000051 0.000000 0.000000 0.000000 1.000000
1.000000 0.000065 -0.000034 90.565811 -0.000064 0.999969 0.007872 0.000300 0.000034 -0.007872 0.999969 -0.000017 0.000000 0.000000 0.000000 1.000000
1.000000 0.000065 -0.000033 90.565811 -0.000064 0.999969 0.007871 0.000287 0.000034 -0.007871 0.999969 -0.000059 0.000000 0.000000 0.000000 1.000000
0.736447 0.676494 0.001430 90.565811 -0.676480 0.736414 0.008288 0.000259 0.004554 -0.007072 0.999965 -0.000039 0.000000 0.000000 0.000000 1.000000
0.635744 0.771892 0.003392 90.565811 -0.771839 0.635633 0.015335 0.000243 0.009681 -0.012367 0.999877 -0.000028 0.000000 0.000000 0.000000 1.000000
0.488175 0.872711 0.007778 90.565811 -0.872517 0.487824 0.027256 0.000224 0.019992 -0.020092 0.999598 -0.000021 0.000000 0.000000 0.000000 1.000000
0.340515 0.940135 0.014004 90.565811 -0.939647 0.339735 0.040530 0.000203 0.033346 -0.026960 0.999080 -0.000020 0.000000 0.000000 0.000000 1.000000
0.202046 0.979138 0.021608 90.565811 -0.978176 0.200657 0.053934 0.000184 0.048473 -0.032033 0.998311 -0.000017 0.000000 0.000000 0.000000 1.000000
0.070521 0.997042 0.030556 90.565811 -0.995382 0.068338 0.067406 0.000166 0.065119 -0.035169 0.997258 -0.000006 0.000000 0.000000 0.000000 1.000000
-0.057160 0.997521 0.041046 90.565811 -0.994875 -0.060347 0.081126 0.000152 0.083402 -0.036199 0.995858 -0.000007 0.000000 0.000000 0.000000 1.000000
0.046404 0.998397 0.032396 90.565811 -0.996577 0.044049 0.069953 0.000140 0.068414 -0.035531 0.997024 -0.000090 0.000000 0.000000 0.000000 1.000000
0.206090 0.978300 0.021361 90.565811 -0.977355 0.204722 0.053536 0.000134 0.048002 -0.031910 0.998337 -0.000072 0.000000 0.000000 0.000000 1.000000
0.093502 0.995201 0.028864 90.565811 -0.993683 0.091474 0.065009 0.000120 0.062057 -0.034760 0.997467 -0.000061 0.000000 0.000000 0.000000 1.000000
0.071624 0.996966 0.030474 90.565811 -0.995313 0.069449 0.067297 0.000114 0.064977 -0.035151 0.997267 -0.000032 0.000000 0.000000 0.000000 1.000000
0.083907 0.996035 0.029563 90.565811 -0.994459 0.081815 0.066012 0.000119 0.063331 -0.034938 0.997381 0.000009 0.000000 0.000000 0.000000 1.000000
0.122955 0.992051 0.026775 90.565811 -0.990703 0.121116 0.061962 0.000138 0.058226 -0.034145 0.997719 0.000060 0.000000 0.000000 0.000000 1.000000
0.157181 0.987267 0.024461 90.565811 -0.986097 0.155546 0.058461 0.000150 0.053912 -0.033310 0.997990 0.000104 0.000000 0.000000 0.000000 1.000000
0.205404 0.978443 0.021401 90.565811 -0.977495 0.204032 0.053608 0.000148 0.048086 -0.031930 0.998333 0.000112 0.000000 0.000000 0.000000 1.000000
0.283204 0.958910 0.016935 90.565811 -0.958254 0.282198 0.045984 0.000150 0.039316 -0.029251 0.998799 0.000100 0.000000 0.000000 0.000000 1.000000
0.389120 0.921112 0.011746 90.565811 -0.920742 0.388504 0.036043 0.000155 0.028637 -0.024840 0.999281 0.000071 0.000000 0.000000 0.000000 1.000000
0.521262 0.853371 0.006637 90.565811 -0.853219 0.520979 0.024459 0.000159 0.017415 -0.018412 0.999679 0.000042 0.000000 0.000000 0.000000 1.000000
0.671048 0.741409 0.002608 90.565811 -0.741374 0.670971 0.012750 0.000163 0.007703 -0.010489 0.999915 0.000021 0.000000 0.000000 0.000000 1.000000
0.819264 0.573417 0.000446 90.565811 -0.573414 0.819258 0.003522 0.000164 0.001654 -0.003141 0.999994 0.000014 0.000000 0.000000 0.000000 1.000000
0.934974 0.354715 0.000006 90.565811 -0.354715 0.934974 -0.000001 0.000163 -0.000006 -0.000001 1.000000 0.000025 0.000000 0.000000 0.000000 1.000000
0.981327 0.192348 0.000258 90.565811 -0.192348 0.981325 0.001738 0.000162 0.000081 -0.001755 0.999998 0.000043 0.000000 0.000000 0.000000 1.000000</float_array>
          <technique_common>
            <accessor source="#bone_RR_leg-Matrix-animation-output-transform-array" count="35" stride="16">
              <param type="float4x4"/>
            </accessor>
          </technique_common>
        </source>
        <source id="bone_RR_leg-Interpolations">
          <Name_array id="bone_RR_leg-Interpolations-array" count="35">
 LINEAR LINEAR LINEAR LINEAR LINEAR LINEAR LINEAR LINEAR LINEAR LINEAR LINEAR
LINEAR LINEAR LINEAR LINEAR LINEAR LINEAR LINEAR LINEAR LINEAR LINEAR LINEAR LINEAR
LINEAR LINEAR LINEAR LINEAR LINEAR LINEAR LINEAR LINEAR LINEAR LINEAR LINEAR LINEAR</Name_array>
          <technique_common>
            <accessor source="#bone_RR_leg-Interpolations-array" count="35">
              <param type="name"/>
            </accessor>
          </technique_common>
        </source>
        <sampler id="bone_RR_leg-Matrix-animation-transform">
          <input semantic="INPUT" source="#bone_RR_leg-Matrix-animation-input"/>
          <input semantic="OUTPUT" source="#bone_RR_leg-Matrix-animation-output-transform"/>
          <input semantic="INTERPOLATION" source="#bone_RR_leg-Interpolations"/>
        </sampler>
        <channel source="#bone_RR_leg-Matrix-animation-transform" target="bone_RR_leg/matrix"/>
      </animation>
      <animation>
        <source id="bone_RR_leg-visibility-animation-input">
          <float_array id="bone_RR_leg-visibility-animation-input-array" count="35">

0.033333 0.066667 0.100000 0.133333 0.166667 0.200000 0.233333 0.266667 0.300000 0.333333 0.366667 0.400000 0.433333 0.466667 0.500000 0.533333
0.566667 0.600000 0.633333 0.666667 0.700000 0.733333 0.766667 0.800000 0.833333 0.866667 0.900000 0.933333 0.966667 1.000000 1.033333 1.066667
1.100000 1.133333 1.166667</float_array>
          <technique_common>
            <accessor source="#bone_RR_leg-visibility-animation-input-array" count="35">
              <param name="TIME" type="float"/>
            </accessor>
          </technique_common>
        </source>
        <source id="bone_RR_leg-visibility-animation-output">
          <float_array id="bone_RR_leg-visibility-animation-output-array" count="35">

1.000000 1.000000 1.000000 1.000000 1.000000 1.000000 1.000000 1.000000 1.000000 1.000000 1.000000 1.000000 1.000000 1.000000 1.000000 1.000000
1.000000 1.000000 1.000000 1.000000 1.000000 1.000000 1.000000 1.000000 1.000000 1.000000 1.000000 1.000000 1.000000 1.000000 1.000000 1.000000
1.000000 1.000000 1.000000</float_array>
          <technique_common>
            <accessor source="#bone_RR_leg-visibility-animation-output-array" count="35">
              <param type="float"/>
            </accessor>
          </technique_common>
        </source>
        <source id="bone_RR_leg-visibility-animation-intan">
          <float_array id="bone_RR_leg-visibility-animation-intan-array" count="35">

0.000000 0.000000 0.000000 0.000000 0.000000 0.000000 0.000000 0.000000 0.000000 0.000000 0.000000 0.000000 0.000000 0.000000 0.000000 0.000000
0.000000 0.000000 0.000000 0.000000 0.000000 0.000000 0.000000 0.000000 0.000000 0.000000 0.000000 0.000000 0.000000 0.000000 0.000000 0.000000
0.000000 0.000000 0.000000</float_array>
          <technique_common>
            <accessor source="#bone_RR_leg-visibility-animation-intan-array" count="35">
              <param type="float"/>
            </accessor>
          </technique_common>
        </source>
        <source id="bone_RR_leg-visibility-animation-outtan">
          <float_array id="bone_RR_leg-visibility-animation-outtan-array" count="35">

0.000000 0.000000 0.000000 0.000000 0.000000 0.000000 0.000000 0.000000 0.000000 0.000000 0.000000 0.000000 0.000000 0.000000 0.000000 0.000000
0.000000 0.000000 0.000000 0.000000 0.000000 0.000000 0.000000 0.000000 0.000000 0.000000 0.000000 0.000000 0.000000 0.000000 0.000000 0.000000
0.000000 0.000000 0.000000</float_array>
          <technique_common>
            <accessor source="#bone_RR_leg-visibility-animation-outtan-array" count="35">
              <param type="float"/>
            </accessor>
          </technique_common>
        </source>
        <source id="bone_RR_leg-visibility-animation-interpolation">
          <Name_array id="bone_RR_leg-visibility-animation-interpolation-array" count="35">
 BEZIER BEZIER BEZIER BEZIER BEZIER BEZIER BEZIER BEZIER BEZIER BEZIER BEZIER
BEZIER BEZIER BEZIER BEZIER BEZIER BEZIER BEZIER BEZIER BEZIER BEZIER BEZIER BEZIER
BEZIER BEZIER BEZIER BEZIER BEZIER BEZIER BEZIER BEZIER BEZIER BEZIER BEZIER BEZIER</Name_array>
          <technique_common>
            <accessor source="#bone_RR_leg-visibility-animation-interpolation-array" count="35">
              <param type="name"/>
            </accessor>
          </technique_common>
        </source>
        <sampler id="bone_RR_leg-visibility-animation">
          <input semantic="INPUT" source="#bone_RR_leg-visibility-animation-input"/>
          <input semantic="OUTPUT" source="#bone_RR_leg-visibility-animation-output"/>
          <input semantic="IN_TANGENT" source="#bone_RR_leg-visibility-animation-intan"/>
          <input semantic="OUT_TANGENT" source="#bone_RR_leg-visibility-animation-outtan"/>
          <input semantic="INTERPOLATION" source="#bone_RR_leg-visibility-animation-interpolation"/>
        </sampler>
        <channel source="#bone_RR_leg-visibility-animation" target="bone_RR_leg/visibility"/>
      </animation>
    </animation>
    <animation id="bone_RR_foot-anim" name="bone_RR_foot">
      <animation>
        <source id="bone_RR_foot-Matrix-animation-input">
          <float_array id="bone_RR_foot-Matrix-animation-input-array" count="35">

0.033333 0.066667 0.100000 0.133333 0.166667 0.200000 0.233333 0.266667 0.300000 0.333333 0.366667 0.400000 0.433333 0.466667 0.500000 0.533333
0.566667 0.600000 0.633333 0.666667 0.700000 0.733333 0.766667 0.800000 0.833333 0.866667 0.900000 0.933333 0.966667 1.000000 1.033333 1.066667
1.100000 1.133333 1.166667</float_array>
          <technique_common>
            <accessor source="#bone_RR_foot-Matrix-animation-input-array" count="35">
              <param name="TIME" type="float"/>
            </accessor>
          </technique_common>
        </source>
        <source id="bone_RR_foot-Matrix-animation-output-transform">
          <float_array id="bone_RR_foot-Matrix-animation-output-transform-array" count="560">

0.999177 0.026817 0.030449 66.277023 0.019310 -0.974300 0.224425 0.000004 0.035685 -0.223652 -0.974016 0.000003 0.000000 0.000000 0.000000 1.000000
0.999177 0.026817 0.030449 66.277023 0.019310 -0.974300 0.224425 0.000004 0.035685 -0.223652 -0.974016 0.000003 0.000000 0.000000 0.000000 1.000000
0.999177 0.026817 0.030449 66.277023 0.019310 -0.974300 0.224425 0.000004 0.035685 -0.223652 -0.974016 0.000003 0.000000 0.000000 0.000000 1.000000
0.999177 0.026817 0.030449 66.277023 0.019310 -0.974300 0.224425 0.000004 0.035685 -0.223652 -0.974016 0.000003 0.000000 0.000000 0.000000 1.000000
0.999177 0.026817 0.030449 66.277023 0.019310 -0.974300 0.224425 0.000004 0.035685 -0.223652 -0.974016 0.000003 0.000000 0.000000 0.000000 1.000000
0.999177 0.026817 0.030449 66.277023 0.019310 -0.974300 0.224425 0.000004 0.035685 -0.223652 -0.974016 0.000003 0.000000 0.000000 0.000000 1.000000
0.999177 0.026817 0.030449 66.277023 0.019310 -0.974300 0.224425 0.000004 0.035685 -0.223652 -0.974016 0.000003 0.000000 0.000000 0.000000 1.000000
0.999177 0.026817 0.030449 66.277023 0.019310 -0.974300 0.224425 0.000004 0.035685 -0.223652 -0.974016 0.000003 0.000000 0.000000 0.000000 1.000000
0.999177 0.026817 0.030449 66.277023 0.019310 -0.974300 0.224425 0.000004 0.035685 -0.223652 -0.974016 0.000003 0.000000 0.000000 0.000000 1.000000
0.999177 0.026817 0.030449 66.277023 0.019310 -0.974300 0.224425 0.000004 0.035685 -0.223652 -0.974016 0.000003 0.000000 0.000000 0.000000 1.000000
0.999177 0.026817 0.030449 66.277023 0.019310 -0.974300 0.224425 0.000004 0.035685 -0.223652 -0.974016 0.000003 0.000000 0.000000 0.000000 1.000000
0.999177 0.026817 0.030449 66.277023 0.019310 -0.974300 0.224425 0.000004 0.035685 -0.223652 -0.974016 0.000003 0.000000 0.000000 0.000000 1.000000
0.999177 0.026817 0.030449 66.277023 0.019310 -0.974300 0.224425 0.000004 0.035685 -0.223652 -0.974016 0.000003 0.000000 0.000000 0.000000 1.000000
0.999177 0.026817 0.030449 66.277023 0.019310 -0.974300 0.224425 0.000004 0.035685 -0.223652 -0.974016 0.000003 0.000000 0.000000 0.000000 1.000000
0.999177 0.026817 0.030449 66.277023 0.019310 -0.974300 0.224425 0.000004 0.035685 -0.223652 -0.974016 0.000003 0.000000 0.000000 0.000000 1.000000
0.999177 0.026817 0.030449 66.277023 0.019310 -0.974300 0.224425 0.000004 0.035685 -0.223652 -0.974016 0.000003 0.000000 0.000000 0.000000 1.000000
0.999177 0.026817 0.030449 66.277023 0.019310 -0.974300 0.224425 0.000004 0.035685 -0.223652 -0.974016 0.000003 0.000000 0.000000 0.000000 1.000000
0.999177 0.026817 0.030449 66.277023 0.019310 -0.974300 0.224425 0.000004 0.035685 -0.223652 -0.974016 0.000003 0.000000 0.000000 0.000000 1.000000
0.999177 0.026817 0.030449 66.277023 0.019310 -0.974300 0.224425 0.000004 0.035685 -0.223652 -0.974016 0.000003 0.000000 0.000000 0.000000 1.000000
0.999177 0.026817 0.030449 66.277023 0.019310 -0.974300 0.224425 0.000004 0.035685 -0.223652 -0.974016 0.000003 0.000000 0.000000 0.000000 1.000000
0.999177 0.026817 0.030449 66.277023 0.019310 -0.974300 0.224425 0.000004 0.035685 -0.223652 -0.974016 0.000003 0.000000 0.000000 0.000000 1.000000
0.999177 0.026817 0.030449 66.277023 0.019310 -0.974300 0.224425 0.000004 0.035685 -0.223652 -0.974016 0.000003 0.000000 0.000000 0.000000 1.000000
