<?xml version="1.0" encoding="utf-8"?>
<COLLADA xmlns="http://www.collada.org/2005/11/COLLADASchema" version="1.4.1">
  <asset>
    <contributor>
      <author/>
      <authoring_tool>FBX COLLADA exporter</authoring_tool>
      <comments/>
    </contributor>
    <created>2024-01-19T03:05:58Z</created>
    <keywords/>
    <modified>2024-01-19T03:05:58Z</modified>
    <revision/>
    <subject/>
    <title/>
    <unit meter="0.010000" name="centimeter"/>
    <up_axis>Y_UP</up_axis>
  </asset>
  <library_animations>
    <animation id="root-anim" name="root">
      <animation>
        <source id="root-Matrix-animation-input">
          <float_array id="root-Matrix-animation-input-array" count="35">

0.000000 0.033333 0.066667 0.100000 0.133333 0.166667 0.200000 0.233333 0.266667 0.300000 0.333333 0.366667 0.400000 0.433333 0.466667 0.500000
0.533333 0.566667 0.600000 0.633333 0.666667 0.700000 0.733333 0.766667 0.800000 0.833333 0.866667 0.900000 0.933333 0.966667 1.000000 1.033333
1.066667 1.100000 1.133333</float_array>
          <technique_common>
            <accessor source="#root-Matrix-animation-input-array" count="35">
              <param name="TIME" type="float"/>
            </accessor>
          </technique_common>
        </source>
        <source id="root-Matrix-animation-output-transform">
          <float_array id="root-Matrix-animation-output-transform-array" count="560">

1.000000 0.000000 0.000000 0.000000 0.000000 0.000000 1.000000 0.000000 0.000000 -1.000000 0.000000 0.000000 0.000000 0.000000 0.000000 1.000000
1.000000 0.000000 0.000000 0.000000 0.000000 0.000000 1.000000 0.000000 0.000000 -1.000000 0.000000 0.000000 0.000000 0.000000 0.000000 1.000000
1.000000 0.000000 0.000000 0.000000 0.000000 0.000000 1.000000 0.000000 0.000000 -1.000000 0.000000 0.000000 0.000000 0.000000 0.000000 1.000000
1.000000 0.000000 0.000000 0.000000 0.000000 0.000000 1.000000 0.000000 0.000000 -1.000000 0.000000 0.000000 0.000000 0.000000 0.000000 1.000000
1.000000 0.000000 0.000000 0.000000 0.000000 0.000000 1.000000 0.000000 0.000000 -1.000000 0.000000 0.000000 0.000000 0.000000 0.000000 1.000000
1.000000 0.000000 0.000000 0.000000 0.000000 0.000000 1.000000 0.000000 0.000000 -1.000000 0.000000 0.000000 0.000000 0.000000 0.000000 1.000000
1.000000 0.000000 0.000000 0.000000 0.000000 0.000000 1.000000 0.000000 0.000000 -1.000000 0.000000 0.000000 0.000000 0.000000 0.000000 1.000000
1.000000 0.000000 0.000000 0.000000 0.000000 0.000000 1.000000 0.000000 0.000000 -1.000000 0.000000 0.000000 0.000000 0.000000 0.000000 1.000000
1.000000 0.000000 0.000000 0.000000 0.000000 0.000000 1.000000 0.000000 0.000000 -1.000000 0.000000 0.000000 0.000000 0.000000 0.000000 1.000000
1.000000 0.000000 0.000000 0.000000 0.000000 0.000000 1.000000 0.000000 0.000000 -1.000000 0.000000 0.000000 0.000000 0.000000 0.000000 1.000000
1.000000 0.000000 0.000000 0.000000 0.000000 0.000000 1.000000 0.000000 0.000000 -1.000000 0.000000 0.000000 0.000000 0.000000 0.000000 1.000000
1.000000 0.000000 0.000000 0.000000 0.000000 0.000000 1.000000 0.000000 0.000000 -1.000000 0.000000 0.000000 0.000000 0.000000 0.000000 1.000000
1.000000 0.000000 0.000000 0.000000 0.000000 0.000000 1.000000 0.000000 0.000000 -1.000000 0.000000 0.000000 0.000000 0.000000 0.000000 1.000000
1.000000 0.000000 0.000000 0.000000 0.000000 0.000000 1.000000 0.000000 0.000000 -1.000000 0.000000 0.000000 0.000000 0.000000 0.000000 1.000000
1.000000 0.000000 0.000000 0.000000 0.000000 0.000000 1.000000 0.000000 0.000000 -1.000000 0.000000 0.000000 0.000000 0.000000 0.000000 1.000000
1.000000 0.000000 0.000000 0.000000 0.000000 0.000000 1.000000 0.000000 0.000000 -1.000000 0.000000 0.000000 0.000000 0.000000 0.000000 1.000000
1.000000 0.000000 0.000000 0.000000 0.000000 0.000000 1.000000 0.000000 0.000000 -1.000000 0.000000 0.000000 0.000000 0.000000 0.000000 1.000000
1.000000 0.000000 0.000000 0.000000 0.000000 0.000000 1.000000 0.000000 0.000000 -1.000000 0.000000 0.000000 0.000000 0.000000 0.000000 1.000000
1.000000 0.000000 0.000000 0.000000 0.000000 0.000000 1.000000 0.000000 0.000000 -1.000000 0.000000 0.000000 0.000000 0.000000 0.000000 1.000000
1.000000 0.000000 0.000000 0.000000 0.000000 0.000000 1.000000 0.000000 0.000000 -1.000000 0.000000 0.000000 0.000000 0.000000 0.000000 1.000000
1.000000 0.000000 0.000000 0.000000 0.000000 0.000000 1.000000 0.000000 0.000000 -1.000000 0.000000 0.000000 0.000000 0.000000 0.000000 1.000000
1.000000 0.000000 0.000000 0.000000 0.000000 0.000000 1.000000 0.000000 0.000000 -1.000000 0.000000 0.000000 0.000000 0.000000 0.000000 1.000000
1.000000 0.000000 0.000000 0.000000 0.000000 0.000000 1.000000 0.000000 0.000000 -1.000000 0.000000 0.000000 0.000000 0.000000 0.000000 1.000000
1.000000 0.000000 0.000000 0.000000 0.000000 0.000000 1.000000 0.000000 0.000000 -1.000000 0.000000 0.000000 0.000000 0.000000 0.000000 1.000000
1.000000 0.000000 0.000000 0.000000 0.000000 0.000000 1.000000 0.000000 0.000000 -1.000000 0.000000 0.000000 0.000000 0.000000 0.000000 1.000000
1.000000 0.000000 0.000000 0.000000 0.000000 0.000000 1.000000 0.000000 0.000000 -1.000000 0.000000 0.000000 0.000000 0.000000 0.000000 1.000000
1.000000 0.000000 0.000000 0.000000 0.000000 0.000000 1.000000 0.000000 0.000000 -1.000000 0.000000 0.000000 0.000000 0.000000 0.000000 1.000000
1.000000 0.000000 0.000000 0.000000 0.000000 0.000000 1.000000 0.000000 0.000000 -1.000000 0.000000 0.000000 0.000000 0.000000 0.000000 1.000000
1.000000 0.000000 0.000000 0.000000 0.000000 0.000000 1.000000 0.000000 0.000000 -1.000000 0.000000 0.000000 0.000000 0.000000 0.000000 1.000000
1.000000 0.000000 0.000000 0.000000 0.000000 0.000000 1.000000 0.000000 0.000000 -1.000000 0.000000 0.000000 0.000000 0.000000 0.000000 1.000000
1.000000 0.000000 0.000000 0.000000 0.000000 0.000000 1.000000 0.000000 0.000000 -1.000000 0.000000 0.000000 0.000000 0.000000 0.000000 1.000000
1.000000 0.000000 0.000000 0.000000 0.000000 0.000000 1.000000 0.000000 0.000000 -1.000000 0.000000 0.000000 0.000000 0.000000 0.000000 1.000000
1.000000 0.000000 0.000000 0.000000 0.000000 0.000000 1.000000 0.000000 0.000000 -1.000000 0.000000 0.000000 0.000000 0.000000 0.000000 1.000000
1.000000 0.000000 0.000000 0.000000 0.000000 0.000000 1.000000 0.000000 0.000000 -1.000000 0.000000 0.000000 0.000000 0.000000 0.000000 1.000000
1.000000 0.000000 0.000000 0.000000 0.000000 0.000000 1.000000 0.000000 0.000000 -1.000000 0.000000 0.000000 0.000000 0.000000 0.000000 1.000000</float_array>
          <technique_common>
            <accessor source="#root-Matrix-animation-output-transform-array" count="35" stride="16">
              <param type="float4x4"/>
            </accessor>
          </technique_common>
        </source>
        <source id="root-Interpolations">
          <Name_array id="root-Interpolations-array" count="35">
 LINEAR LINEAR LINEAR LINEAR LINEAR LINEAR LINEAR LINEAR LINEAR LINEAR LINEAR
LINEAR LINEAR LINEAR LINEAR LINEAR LINEAR LINEAR LINEAR LINEAR LINEAR LINEAR LINEAR
LINEAR LINEAR LINEAR LINEAR LINEAR LINEAR LINEAR LINEAR LINEAR LINEAR LINEAR LINEAR</Name_array>
          <technique_common>
            <accessor source="#root-Interpolations-array" count="35">
              <param type="name"/>
            </accessor>
          </technique_common>
        </source>
        <sampler id="root-Matrix-animation-transform">
          <input semantic="INPUT" source="#root-Matrix-animation-input"/>
          <input semantic="OUTPUT" source="#root-Matrix-animation-output-transform"/>
          <input semantic="INTERPOLATION" source="#root-Interpolations"/>
        </sampler>
        <channel source="#root-Matrix-animation-transform" target="root/matrix"/>
      </animation>
    </animation>
    <animation id="bone_FL_leg-anim" name="bone_FL_leg">
      <animation>
        <source id="bone_FL_leg-Matrix-animation-input">
          <float_array id="bone_FL_leg-Matrix-animation-input-array" count="35">

0.000000 0.033333 0.066667 0.100000 0.133333 0.166667 0.200000 0.233333 0.266667 0.300000 0.333333 0.366667 0.400000 0.433333 0.466667 0.500000
0.533333 0.566667 0.600000 0.633333 0.666667 0.700000 0.733333 0.766667 0.800000 0.833333 0.866667 0.900000 0.933333 0.966667 1.000000 1.033333
1.066667 1.100000 1.133333</float_array>
          <technique_common>
            <accessor source="#bone_FL_leg-Matrix-animation-input-array" count="35">
              <param name="TIME" type="float"/>
            </accessor>
          </technique_common>
        </source>
        <source id="bone_FL_leg-Matrix-animation-output-transform">
          <float_array id="bone_FL_leg-Matrix-animation-output-transform-array" count="560">

-0.034690 0.219829 -0.974921 59.228600 0.539659 -0.816941 -0.203409 -111.920403 -0.841169 -0.533181 -0.090293 73.775253 0.000000 0.000000 0.000000 1.000000
-0.046638 0.213305 -0.975872 59.922741 0.621891 -0.758315 -0.195473 -117.431999 -0.781714 -0.616002 -0.097286 69.803238 0.000000 0.000000 0.000000 1.000000
-0.071366 0.202679 -0.976641 61.362621 0.756176 -0.627529 -0.185485 -126.661598 -0.650465 -0.751750 -0.108476 61.104450 0.000000 0.000000 0.000000 1.000000
-0.095897 0.192897 -0.976522 62.801479 0.872436 -0.456031 -0.175758 -134.517593 -0.479227 -0.868808 -0.124558 50.220989 0.000000 0.000000 0.000000 1.000000
-0.118770 0.188563 -0.974853 64.174057 0.945391 -0.278654 -0.169080 -138.562698 -0.303528 -0.941699 -0.145170 39.963120 0.000000 0.000000 0.000000 1.000000
-0.137923 0.192672 -0.971522 65.387337 0.973758 -0.152909 -0.168565 -137.818100 -0.181033 -0.969276 -0.166526 34.392391 0.000000 0.000000 0.000000 1.000000
-0.152028 0.208640 -0.966104 66.621681 0.981623 -0.082192 -0.172220 -132.076096 -0.115338 -0.974533 -0.192311 35.166962 0.000000 0.000000 0.000000 1.000000
-0.143510 0.236800 -0.960901 66.886147 0.977570 -0.117315 -0.174910 -121.515503 -0.154147 -0.964450 -0.214652 42.185829 0.000000 0.000000 0.000000 1.000000
-0.071213 0.270605 -0.960053 63.037128 0.889104 -0.419062 -0.184069 -102.640800 -0.452132 -0.866695 -0.210753 63.567020 0.000000 0.000000 0.000000 1.000000
0.070047 0.236996 -0.968982 52.632469 0.175108 -0.959206 -0.221947 -95.386803 -0.982054 -0.154130 -0.108689 98.424744 0.000000 0.000000 0.000000 1.000000
0.048778 0.235261 -0.970707 50.735222 0.186421 -0.956931 -0.222554 -85.730942 -0.981258 -0.170105 -0.090535 137.132904 0.000000 0.000000 0.000000 1.000000
-0.036492 0.234003 -0.971551 55.258831 0.313576 -0.920415 -0.233465 -109.399399 -0.948861 -0.313175 -0.039790 170.171402 0.000000 0.000000 0.000000 1.000000
-0.089278 0.203814 -0.974930 58.334351 0.391606 -0.892824 -0.222510 -112.154800 -0.915791 -0.401654 -0.000105 205.272202 0.000000 0.000000 0.000000 1.000000
-0.083429 0.183700 -0.979435 57.905540 0.337102 -0.919715 -0.201214 -89.986130 -0.937764 -0.346956 0.014805 228.637802 0.000000 0.000000 0.000000 1.000000
-0.070582 0.166025 -0.983592 56.083271 0.270968 -0.945782 -0.179087 -76.185577 -0.959997 -0.279162 0.021768 247.516098 0.000000 0.000000 0.000000 1.000000
-0.053474 0.148971 -0.987395 53.014141 0.174391 -0.972220 -0.156126 -71.920486 -0.983223 -0.180542 0.026009 265.424011 0.000000 0.000000 0.000000 1.000000
-0.034475 0.130814 -0.990807 48.866600 0.055984 -0.989587 -0.132601 -66.469322 -0.997836 -0.060041 0.026792 282.111298 0.000000 0.000000 0.000000 1.000000
-0.015723 0.110275 -0.993777 43.852509 -0.064864 -0.991918 -0.109043 -61.993759 -0.997770 0.062746 0.022749 294.860809 0.000000 0.000000 0.000000 1.000000
0.000912 0.086654 -0.996238 38.232090 -0.168054 -0.982056 -0.085574 -62.159340 -0.985777 0.167500 0.013666 301.847687 0.000000 0.000000 0.000000 1.000000
0.013972 0.059878 -0.998108 32.306850 -0.234942 -0.970063 -0.061484 -71.246490 -0.971909 0.235357 0.000514 301.892609 0.000000 0.000000 0.000000 1.000000
0.022601 0.030344 -0.999284 26.406050 -0.248519 -0.967994 -0.035015 -92.925499 -0.968363 0.249133 -0.014337 293.250793 0.000000 0.000000 0.000000 1.000000
0.026715 -0.001281 -0.999642 20.871611 -0.142318 -0.989818 -0.002535 -142.344696 -0.989460 0.142335 -0.026625 261.631104 0.000000 0.000000 0.000000 1.000000
-0.006047 -0.068482 -0.997634 13.296250 0.258105 -0.963954 0.064606 -203.032806 -0.966098 -0.257104 0.023505 173.851196 0.000000 0.000000 0.000000 1.000000
-0.045544 -0.123458 -0.991304 7.157721 0.603229 -0.794382 0.071219 -222.120499 -0.796266 -0.594740 0.110653 73.993973 0.000000 0.000000 0.000000 1.000000
0.005956 -0.189423 -0.981878 3.828480 0.960551 -0.271924 0.058286 -244.720001 -0.278037 -0.943491 0.180331 43.399731 0.000000 0.000000 0.000000 1.000000
0.013907 -0.186315 -0.982391 3.286371 0.977477 -0.204379 0.052599 -246.093307 -0.210580 -0.960997 0.179277 39.449490 0.000000 0.000000 0.000000 1.000000
-0.013753 -0.139233 -0.990164 4.984800 0.905710 -0.421320 0.046664 -241.551895 -0.423673 -0.896160 0.131899 52.110119 0.000000 0.000000 0.000000 1.000000
-0.035429 -0.095969 -0.994754 6.387310 0.696014 -0.716657 0.044351 -228.473404 -0.717154 -0.690791 0.092187 69.491074 0.000000 0.000000 0.000000 1.000000
-0.056030 -0.070172 -0.995960 7.730160 0.331860 -0.942121 0.047709 -206.185196 -0.941663 -0.327847 0.076074 82.739899 0.000000 0.000000 0.000000 1.000000
-0.092211 -0.040772 -0.994904 9.941866 -0.180558 -0.981913 0.056974 -175.360703 -0.979232 0.184891 0.083182 84.909531 0.000000 0.000000 0.000000 1.000000
-0.053247 0.012686 -0.998501 23.125099 0.426991 -0.903607 -0.034251 -172.366592 -0.902686 -0.428175 0.042697 91.445763 0.000000 0.000000 0.000000 1.000000
-0.094350 0.063586 -0.993506 36.155338 0.761321 -0.638424 -0.113160 -166.188904 -0.641473 -0.767054 0.011826 88.876106 0.000000 0.000000 0.000000 1.000000
-0.108380 0.114191 -0.987529 46.257309 0.764481 -0.625431 -0.156221 -151.168701 -0.635470 -0.771879 -0.019513 79.068222 0.000000 0.000000 0.000000 1.000000
-0.080412 0.171677 -0.981866 54.094189 0.657532 -0.731189 -0.181697 -131.541199 -0.749123 -0.660219 -0.054086 71.465683 0.000000 0.000000 0.000000 1.000000
-0.034690 0.219830 -0.974921 59.228611 0.539660 -0.816941 -0.203410 -111.920403 -0.841168 -0.533182 -0.090293 73.775253 0.000000 0.000000 0.000000 1.000000</float_array>
          <technique_common>
            <accessor source="#bone_FL_leg-Matrix-animation-output-transform-array" count="35" stride="16">
              <param type="float4x4"/>
            </accessor>
          </technique_common>
        </source>
        <source id="bone_FL_leg-Interpolations">
          <Name_array id="bone_FL_leg-Interpolations-array" count="35">
 LINEAR LINEAR LINEAR LINEAR LINEAR LINEAR LINEAR LINEAR LINEAR LINEAR LINEAR
LINEAR LINEAR LINEAR LINEAR LINEAR LINEAR LINEAR LINEAR LINEAR LINEAR LINEAR LINEAR
LINEAR LINEAR LINEAR LINEAR LINEAR LINEAR LINEAR LINEAR LINEAR LINEAR LINEAR LINEAR</Name_array>
          <technique_common>
            <accessor source="#bone_FL_leg-Interpolations-array" count="35">
              <param type="name"/>
            </accessor>
          </technique_common>
        </source>
        <sampler id="bone_FL_leg-Matrix-animation-transform">
          <input semantic="INPUT" source="#bone_FL_leg-Matrix-animation-input"/>
          <input semantic="OUTPUT" source="#bone_FL_leg-Matrix-animation-output-transform"/>
          <input semantic="INTERPOLATION" source="#bone_FL_leg-Interpolations"/>
        </sampler>
        <channel source="#bone_FL_leg-Matrix-animation-transform" target="bone_FL_leg/matrix"/>
      </animation>
    </animation>
    <animation id="bone_RR_leg-anim" name="bone_RR_leg">
      <animation>
        <source id="bone_RR_leg-Matrix-animation-input">
          <float_array id="bone_RR_leg-Matrix-animation-input-array" count="35">

0.000000 0.033333 0.066667 0.100000 0.133333 0.166667 0.200000 0.233333 0.266667 0.300000 0.333333 0.366667 0.400000 0.433333 0.466667 0.500000
0.533333 0.566667 0.600000 0.633333 0.666667 0.700000 0.733333 0.766667 0.800000 0.833333 0.866667 0.900000 0.933333 0.966667 1.000000 1.033333
1.066667 1.100000 1.133333</float_array>
          <technique_common>
            <accessor source="#bone_RR_leg-Matrix-animation-input-array" count="35">
              <param name="TIME" type="float"/>
            </accessor>
          </technique_common>
        </source>
        <source id="bone_RR_leg-Matrix-animation-output-transform">
          <float_array id="bone_RR_leg-Matrix-animation-output-transform-array" count="560">

-0.093973 0.052330 0.994198 -38.950001 -0.529565 0.842997 -0.094426 62.884060 -0.843048 -0.535366 -0.051507 76.354111 0.000000 0.000000 0.000000 1.000000
-0.097680 0.030312 0.994756 -38.579979 -0.661595 0.744721 -0.087658 62.727020 -0.743472 -0.666688 -0.052690 68.385979 0.000000 0.000000 0.000000 1.000000
-0.096258 0.010539 0.995301 -38.531818 -0.761270 0.643427 -0.080437 58.141769 -0.641251 -0.765435 -0.053912 59.904900 0.000000 0.000000 0.000000 1.000000
-0.093682 -0.007306 0.995575 -38.577431 -0.839733 0.537785 -0.075071 53.269230 -0.534857 -0.843051 -0.056516 51.297840 0.000000 0.000000 0.000000 1.000000
-0.092366 -0.024313 0.995428 -38.580769 -0.899212 0.431397 -0.072901 51.691570 -0.427652 -0.901835 -0.061709 43.300018 0.000000 0.000000 0.000000 1.000000
-0.094791 -0.041463 0.994633 -38.404449 -0.937090 0.340916 -0.075095 56.660622 -0.335973 -0.939179 -0.071170 37.499290 0.000000 0.000000 0.000000 1.000000
-0.104346 -0.057530 0.992876 -37.790791 -0.944169 0.319420 -0.080720 69.991753 -0.312501 -0.945865 -0.087648 37.359692 0.000000 0.000000 0.000000 1.000000
-0.127159 -0.062862 0.989888 -36.343761 -0.898993 0.428982 -0.088240 87.900078 -0.419097 -0.901123 -0.111062 46.571449 0.000000 0.000000 0.000000 1.000000
-0.163233 -0.028191 0.986185 -34.187721 -0.713406 0.693829 -0.098249 100.693497 -0.681474 -0.719587 -0.133368 66.672684 0.000000 0.000000 0.000000 1.000000
-0.179559 0.053086 0.982314 -33.652390 -0.340293 0.933547 -0.112654 101.352501 -0.923016 -0.354503 -0.149562 85.680260 0.000000 0.000000 0.000000 1.000000
-0.122130 0.165348 0.978644 -38.467640 0.273477 0.953462 -0.126965 82.433563 -0.954093 0.252131 -0.161665 90.575768 0.000000 0.000000 0.000000 1.000000
-0.114470 0.181372 0.976730 -37.453758 0.286472 0.947453 -0.142362 90.003212 -0.951226 0.263509 -0.160413 105.654404 0.000000 0.000000 0.000000 1.000000
-0.142445 0.156320 0.977381 -36.213020 0.053861 0.987211 -0.150043 110.388603 -0.988336 0.031270 -0.149043 113.889000 0.000000 0.000000 0.000000 1.000000
-0.180874 0.047805 0.982344 -33.949600 -0.581572 0.800281 -0.146027 138.181595 -0.793132 -0.597716 -0.116948 117.559196 0.000000 0.000000 0.000000 1.000000
-0.161786 -0.035370 0.986192 -32.386608 -0.931058 0.336666 -0.140666 152.156799 -0.327042 -0.940959 -0.087399 114.958397 0.000000 0.000000 0.000000 1.000000
-0.152156 -0.049139 0.987134 -32.529919 -0.971151 0.192983 -0.140085 150.283905 -0.183616 -0.979971 -0.077084 107.150002 0.000000 0.000000 0.000000 1.000000
-0.146643 -0.054437 0.987690 -32.993530 -0.984410 0.106065 -0.140310 143.768799 -0.097122 -0.992868 -0.069142 96.975327 0.000000 0.000000 0.000000 1.000000
-0.144544 -0.054179 0.988014 -33.674099 -0.987505 0.071247 -0.140563 134.012497 -0.062778 -0.995986 -0.063800 85.812019 0.000000 0.000000 0.000000 1.000000
-0.144467 -0.050265 0.988232 -34.485451 -0.986820 0.080905 -0.140145 122.571297 -0.072909 -0.995454 -0.061291 74.675163 0.000000 0.000000 0.000000 1.000000
-0.144819 -0.044271 0.988467 -35.275021 -0.982268 0.126651 -0.138238 110.718002 -0.119070 -0.990959 -0.061827 64.778938 0.000000 0.000000 0.000000 1.000000
-0.144113 -0.037787 0.988839 -35.881100 -0.970685 0.199642 -0.133838 99.790947 -0.192357 -0.979140 -0.065451 57.341961 0.000000 0.000000 0.000000 1.000000
-0.144977 0.006737 0.989412 -35.569592 -0.853547 0.504920 -0.128507 84.356560 -0.500439 -0.863140 -0.067452 53.647091 0.000000 0.000000 0.000000 1.000000
-0.147449 -0.009823 0.989021 -35.405781 -0.763866 0.636349 -0.107561 78.412819 -0.628306 -0.771339 -0.101332 62.121670 0.000000 0.000000 0.000000 1.000000
-0.145104 -0.004626 0.989406 -35.561150 -0.569648 0.818013 -0.079719 65.540657 -0.808978 -0.575181 -0.121332 74.096100 0.000000 0.000000 0.000000 1.000000
-0.139621 0.004811 0.990193 -35.924599 -0.413264 0.908451 -0.062686 55.175980 -0.899844 -0.417963 -0.124851 80.118423 0.000000 0.000000 0.000000 1.000000
-0.135036 0.005392 0.990826 -36.228519 -0.398298 0.915339 -0.059264 54.184090 -0.907262 -0.402647 -0.121456 80.610046 0.000000 0.000000 0.000000 1.000000
-0.130674 0.002287 0.991423 -36.517578 -0.455248 0.888200 -0.062053 57.958488 -0.880723 -0.459452 -0.115024 78.851181 0.000000 0.000000 0.000000 1.000000
-0.126044 -0.000243 0.992025 -36.824421 -0.536499 0.841160 -0.067960 63.343609 -0.834435 -0.540786 -0.106154 75.783333 0.000000 0.000000 0.000000 1.000000
-0.121621 0.001005 0.992576 -37.117569 -0.602265 0.794802 -0.074601 67.702393 -0.788977 -0.606867 -0.096059 72.770508 0.000000 0.000000 0.000000 1.000000
-0.117676 0.005307 0.993038 -37.379131 -0.634390 0.768936 -0.079285 69.831551 -0.764004 -0.639303 -0.087118 71.115318 0.000000 0.000000 0.000000 1.000000
-0.114479 0.011235 0.993362 -37.590919 -0.643782 0.760717 -0.082796 70.453972 -0.756597 -0.648987 -0.079853 70.624474 0.000000 0.000000 0.000000 1.000000
-0.111308 0.018829 0.993608 -37.801140 -0.642754 0.761182 -0.086428 70.385849 -0.757943 -0.648265 -0.072623 70.713654 0.000000 0.000000 0.000000 1.000000
-0.107528 0.027949 0.993809 -38.051651 -0.629267 0.771984 -0.089796 69.491966 -0.769715 -0.635027 -0.065423 71.493858 0.000000 0.000000 0.000000 1.000000
-0.102317 0.038734 0.993997 -38.396992 -0.597656 0.796393 -0.092554 67.396927 -0.795197 -0.603538 -0.058335 73.182716 0.000000 0.000000 0.000000 1.000000
-0.093973 0.052330 0.994198 -38.950001 -0.529565 0.842997 -0.094426 62.884041 -0.843048 -0.535366 -0.051507 76.354111 0.000000 0.000000 0.000000 1.000000</float_array>
          <technique_common>
            <accessor source="#bone_RR_leg-Matrix-animation-output-transform-array" count="35" stride="16">
              <param type="float4x4"/>
            </accessor>
          </technique_common>
        </source>
        <source id="bone_RR_leg-Interpolations">
          <Name_array id="bone_RR_leg-Interpolations-array" count="35">
 LINEAR LINEAR LINEAR LINEAR LINEAR LINEAR LINEAR LINEAR LINEAR LINEAR LINEAR
LINEAR LINEAR LINEAR LINEAR LINEAR LINEAR LINEAR LINEAR LINEAR LINEAR LINEAR LINEAR
LINEAR LINEAR LINEAR LINEAR LINEAR LINEAR LINEAR LINEAR LINEAR LINEAR LINEAR LINEAR</Name_array>
          <technique_common>
            <accessor source="#bone_RR_leg-Interpolations-array" count="35">
              <param type="name"/>
            </accessor>
          </technique_common>
        </source>
        <sampler id="bone_RR_leg-Matrix-animation-transform">
          <input semantic="INPUT" source="#bone_RR_leg-Matrix-animation-input"/>
          <input semantic="OUTPUT" source="#bone_RR_leg-Matrix-animation-output-transform"/>
          <input semantic="INTERPOLATION" source="#bone_RR_leg-Interpolations"/>
        </sampler>
        <channel source="#bone_RR_leg-Matrix-animation-transform" target="bone_RR_leg/matrix"/>
      </animation>
    </animation>
    <animation id="bone_L_index01-anim" name="bone_L_index01">
      <animation>
        <source id="bone_L_index01-Matrix-animation-input">
          <float_array id="bone_L_index01-Matrix-animation-input-array" count="35">

0.000000 0.033333 0.066667 0.100000 0.133333 0.166667 0.200000 0.233333 0.266667 0.300000 0.333333 0.366667 0.400000 0.433333 0.466667 0.500000
0.533333 0.566667 0.600000 0.633333 0.666667 0.700000 0.733333 0.766667 0.800000 0.833333 0.866667 0.900000 0.933333 0.966667 1.000000 1.033333
1.066667 1.100000 1.133333</float_array>
          <technique_common>
            <accessor source="#bone_L_index01-Matrix-animation-input-array" count="35">
              <param name="TIME" type="float"/>
            </accessor>
          </technique_common>
        </source>
        <source id="bone_L_index01-Matrix-animation-output-transform">
          <float_array id="bone_L_index01-Matrix-animation-output-transform-array" count="560">

-0.967048 0.065613 0.245993 107.518501 0.253945 0.317482 0.913629 -47.335522 -0.018152 0.945992 -0.323683 163.210800 0.000000 0.000000 0.000000 1.000000
-0.967556 0.070688 0.242565 105.800697 0.252654 0.267280 0.929908 -46.016041 0.000901 0.961023 -0.276468 154.621704 0.000000 0.000000 0.000000 1.000000
-0.946049 -0.065632 0.317306 107.391998 0.282029 0.315345 0.906101 -48.620251 -0.159530 0.946705 -0.279823 149.761093 0.000000 0.000000 0.000000 1.000000
-0.863591 -0.313383 0.394970 110.369904 0.290518 0.330963 0.897811 -48.247162 -0.412079 0.890087 -0.194773 148.610001 0.000000 0.000000 0.000000 1.000000
-0.745115 -0.552374 0.373747 112.178398 0.310694 0.208382 0.927388 -43.878189 -0.590146 0.807131 0.016351 151.479294 0.000000 0.000000 0.000000 1.000000
-0.698317 -0.646055 0.308165 111.242996 0.362483 0.052055 0.930536 -44.344452 -0.617218 0.761514 0.197833 161.013702 0.000000 0.000000 0.000000 1.000000
-0.696503 -0.651775 0.300120 117.192398 0.437115 -0.053707 0.897801 -71.843536 -0.569045 0.756508 0.322309 178.494293 0.000000 0.000000 0.000000 1.000000
-0.746135 -0.571812 0.341049 119.108498 0.496064 -0.135791 0.857603 -114.321098 -0.444075 0.809069 0.384974 165.743805 0.000000 0.000000 0.000000 1.000000
-0.874030 -0.378932 0.304110 96.638687 0.411309 -0.243861 0.878270 -119.121696 -0.258644 0.892716 0.369000 140.483597 0.000000 0.000000 0.000000 1.000000
-0.939791 -0.266500 0.213942 78.414574 0.283248 -0.257134 0.923934 -106.231102 -0.191217 0.928902 0.317138 157.299606 0.000000 0.000000 0.000000 1.000000
-0.904268 -0.347155 0.248559 85.916031 0.310339 -0.134591 0.941051 -97.204117 -0.293236 0.928099 0.229443 208.458298 0.000000 0.000000 0.000000 1.000000
-0.857358 -0.443517 0.261209 88.001923 0.295284 -0.008143 0.955376 -65.969910 -0.421598 0.896229 0.137945 255.794907 0.000000 0.000000 0.000000 1.000000
-0.860288 -0.476157 0.182149 76.102722 0.117343 0.162753 0.979665 -18.591900 -0.496119 0.864168 -0.084140 270.649994 0.000000 0.000000 0.000000 1.000000
-0.861949 -0.473053 0.182384 67.638313 0.066238 0.251579 0.965568 87.908363 -0.502649 0.844351 -0.185514 272.978912 0.000000 0.000000 0.000000 1.000000
-0.840416 -0.481698 0.248331 72.759903 0.132939 0.260985 0.956146 182.241898 -0.525384 0.836572 -0.155300 269.247986 0.000000 0.000000 0.000000 1.000000
-0.813089 -0.530152 0.240469 70.448593 0.080366 0.306897 0.948344 197.289200 -0.576565 0.790413 -0.206929 256.002289 0.000000 0.000000 0.000000 1.000000
-0.794013 -0.569163 0.213533 67.969276 0.008013 0.341434 0.939873 207.252502 -0.607847 0.747982 -0.266543 240.182800 0.000000 0.000000 0.000000 1.000000
-0.782016 -0.597019 0.178939 65.543007 -0.058037 0.355609 0.932832 212.797699 -0.620550 0.719104 -0.312741 225.959503 0.000000 0.000000 0.000000 1.000000
-0.773536 -0.616501 0.146861 63.254688 -0.093758 0.340506 0.935557 214.413605 -0.626778 0.709917 -0.321196 218.441803 0.000000 0.000000 0.000000 1.000000
-0.763885 -0.632893 0.126202 61.217091 -0.078086 0.284761 0.955414 211.486099 -0.640611 0.719971 -0.266944 223.388901 0.000000 0.000000 0.000000 1.000000
-0.748599 -0.651105 0.125145 58.280621 0.012199 0.175192 0.984460 197.461502 -0.662910 0.738492 -0.123206 247.504593 0.000000 0.000000 0.000000 1.000000
-0.749867 -0.538123 0.384867 59.498810 0.301073 0.240441 0.922791 58.425259 -0.589113 0.807844 -0.018284 283.557709 0.000000 0.000000 0.000000 1.000000
-0.779307 -0.247724 0.575599 47.160591 0.572898 0.090525 0.814613 -126.546501 -0.253905 0.964592 0.071374 244.688293 0.000000 0.000000 0.000000 1.000000
-0.620081 -0.514669 0.592128 29.738979 0.575029 0.215285 0.789300 -238.993805 -0.533704 0.829920 0.162456 182.735901 0.000000 0.000000 0.000000 1.000000
-0.428825 -0.691700 0.581086 -27.349400 0.623096 0.239273 0.744648 -380.508514 -0.654110 0.681396 0.328390 106.452698 0.000000 0.000000 0.000000 1.000000
-0.359004 -0.708927 0.607074 -13.934200 0.646158 0.280570 0.709762 -371.642609 -0.673495 0.647072 0.357354 95.887306 0.000000 0.000000 0.000000 1.000000
-0.281201 -0.723489 0.630468 22.008101 0.656848 0.333858 0.676084 -321.584595 -0.699626 0.604237 0.381341 122.295898 0.000000 0.000000 0.000000 1.000000
-0.228438 -0.757839 0.611144 57.803028 0.631590 0.362355 0.685415 -275.322693 -0.740884 0.542567 0.395869 163.537704 0.000000 0.000000 0.000000 1.000000
-0.252196 -0.757104 0.602653 88.265533 0.574324 0.384124 0.722912 -228.074600 -0.778812 0.528433 0.337949 207.457504 0.000000 0.000000 0.000000 1.000000
-0.348692 -0.695588 0.628150 102.646202 0.558564 0.383958 0.735244 -180.313599 -0.752609 0.607235 0.254647 218.630096 0.000000 0.000000 0.000000 1.000000
-0.648409 -0.483733 0.587852 101.328697 0.560757 0.218779 0.798554 -128.128006 -0.514896 0.847430 0.129398 187.242203 0.000000 0.000000 0.000000 1.000000
-0.835853 -0.222923 0.501652 88.302612 0.469100 0.184582 0.863641 -96.141998 -0.285121 0.957201 -0.049711 167.863297 0.000000 0.000000 0.000000 1.000000
-0.914145 -0.065553 0.400053 85.694366 0.376186 0.230586 0.897394 -79.431000 -0.151073 0.970841 -0.186129 161.959106 0.000000 0.000000 0.000000 1.000000
-0.952230 0.021515 0.304624 93.152428 0.298575 0.275042 0.913896 -64.115189 -0.064121 0.961191 -0.268327 161.225006 0.000000 0.000000 0.000000 1.000000
-0.967048 0.065613 0.245993 107.518501 0.253945 0.317482 0.913629 -47.335522 -0.018152 0.945992 -0.323683 163.210800 0.000000 0.000000 0.000000 1.000000</float_array>
          <technique_common>
            <accessor source="#bone_L_index01-Matrix-animation-output-transform-array" count="35" stride="16">
              <param type="float4x4"/>
            </accessor>
          </technique_common>
        </source>
        <source id="bone_L_index01-Interpolations">
          <Name_array id="bone_L_index01-Interpolations-array" count="35">
 LINEAR LINEAR LINEAR LINEAR LINEAR LINEAR LINEAR LINEAR LINEAR LINEAR LINEAR
LINEAR LINEAR LINEAR LINEAR LINEAR LINEAR LINEAR LINEAR LINEAR LINEAR LINEAR LINEAR
LINEAR LINEAR LINEAR LINEAR LINEAR LINEAR LINEAR LINEAR LINEAR LINEAR LINEAR LINEAR</Name_array>
          <technique_common>
            <accessor source="#bone_L_index01-Interpolations-array" count="35">
              <param type="name"/>
            </accessor>
          </technique_common>
        </source>
        <sampler id="bone_L_index01-Matrix-animation-transform">
          <input semantic="INPUT" source="#bone_L_index01-Matrix-animation-input"/>
          <input semantic="OUTPUT" source="#bone_L_index01-Matrix-animation-output-transform"/>
          <input semantic="INTERPOLATION" source="#bone_L_index01-Interpolations"/>
        </sampler>
        <channel source="#bone_L_index01-Matrix-animation-transform" target="bone_L_index01/matrix"/>
      </animation>
    </animation>
    <animation id="bone_L_hand-anim" name="bone_L_hand">
      <animation>
        <source id="bone_L_hand-Matrix-animation-input">
          <float_array id="bone_L_hand-Matrix-animation-input-array" count="35">

0.000000 0.033333 0.066667 0.100000 0.133333 0.166667 0.200000 0.233333 0.266667 0.300000 0.333333 0.366667 0.400000 0.433333 0.466667 0.500000
0.533333 0.566667 0.600000 0.633333 0.666667 0.700000 0.733333 0.766667 0.800000 0.833333 0.866667 0.900000 0.933333 0.966667 1.000000 1.033333
1.066667 1.100000 1.133333</float_array>
          <technique_common>
            <accessor source="#bone_L_hand-Matrix-animation-input-array" count="35">
              <param name="TIME" type="float"/>
            </accessor>
          </technique_common>
        </source>
        <source id="bone_L_hand-Matrix-animation-output-transform">
          <float_array id="bone_L_hand-Matrix-animation-output-transform-array" count="560">

0.217180 -0.975916 0.020524 107.206596 -0.090206 0.000871 0.995923 -25.567869 -0.971955 -0.218146 -0.087844 195.987000 0.000000 0.000000 0.000000 1.000000
0.211570 -0.977190 0.018362 105.646896 -0.038397 0.010463 0.999208 -26.007851 -0.976608 -0.212108 -0.035307 188.501694 0.000000 0.000000 0.000000 1.000000
0.355589 -0.932586 0.061960 102.872498 -0.096407 0.029341 0.994909 -26.855869 -0.929657 -0.359753 -0.079474 182.227798 0.000000 0.000000 0.000000 1.000000
0.591382 -0.800597 0.096495 97.607788 -0.115187 0.034569 0.992742 -25.922760 -0.798123 -0.598205 -0.071775 178.391800 0.000000 0.000000 0.000000 1.000000
0.782996 -0.620153 0.048247 90.784264 0.003389 0.081817 0.996642 -25.821369 -0.622017 -0.780203 0.066164 179.128006 0.000000 0.000000 0.000000 1.000000
0.841673 -0.539426 -0.024603 85.940170 0.139126 0.172606 0.975116 -31.911869 -0.521757 -0.824152 0.220326 188.461899 0.000000 0.000000 0.000000 1.000000
0.844327 -0.534804 -0.033108 91.608307 0.212474 0.277441 0.936953 -63.329441 -0.491900 -0.798130 0.347883 207.150406 0.000000 0.000000 0.000000 1.000000
0.792028 -0.610355 0.012603 96.671509 0.264957 0.362275 0.893619 -108.979103 -0.549990 -0.704432 0.448650 197.622498 0.000000 0.000000 0.000000 1.000000
0.628891 -0.777462 -0.007037 80.501846 0.390026 0.307638 0.867893 -118.128502 -0.672589 -0.548555 0.496701 176.355896 0.000000 0.000000 0.000000 1.000000
0.512300 -0.854962 -0.081173 65.364571 0.443034 0.182128 0.877810 -105.991096 -0.735710 -0.485665 0.472081 194.418900 0.000000 0.000000 0.000000 1.000000
0.589860 -0.805341 -0.059089 70.313972 0.327655 0.171821 0.929043 -92.020927 -0.738043 -0.567366 0.365224 244.206299 0.000000 0.000000 0.000000 1.000000
0.673362 -0.736976 -0.058738 69.110023 0.216903 0.120976 0.968668 -55.941738 -0.706779 -0.665005 0.241313 288.821198 0.000000 0.000000 0.000000 1.000000
0.681892 -0.717603 -0.141662 55.231071 0.102558 -0.097960 0.989892 -2.795326 -0.724227 -0.689528 0.006798 300.027588 0.000000 0.000000 0.000000 1.000000
0.679419 -0.720056 -0.141102 46.877739 0.026584 -0.168021 0.985425 106.673897 -0.733269 -0.673267 -0.095015 300.638702 0.000000 0.000000 0.000000 1.000000
0.701691 -0.708431 -0.075863 52.391258 0.000748 -0.105744 0.994393 201.626404 -0.712481 -0.697813 -0.073669 296.771912 0.000000 0.000000 0.000000 1.000000
0.738811 -0.668113 -0.088227 48.314442 -0.033037 -0.166666 0.985460 218.066605 -0.673102 -0.725154 -0.145207 281.033997 0.000000 0.000000 0.000000 1.000000
0.763442 -0.634949 -0.118307 44.208721 -0.052131 -0.243152 0.968586 228.882004 -0.643769 -0.733292 -0.218733 262.894287 0.000000 0.000000 0.000000 1.000000
0.776992 -0.610217 -0.154657 40.471310 -0.053161 -0.308404 0.949769 234.553894 -0.627262 -0.729741 -0.272067 247.084900 0.000000 0.000000 0.000000 1.000000
0.784197 -0.591506 -0.187497 37.193901 -0.030588 -0.338647 0.940416 235.435501 -0.619757 -0.731737 -0.283659 239.108704 0.000000 0.000000 0.000000 1.000000
0.791526 -0.574445 -0.208564 34.395538 0.023767 -0.312081 0.949758 230.660202 -0.610673 -0.756716 -0.233367 244.863602 0.000000 0.000000 0.000000 1.000000
0.804941 -0.554858 -0.210244 30.839199 0.114946 -0.201799 0.972658 213.223297 -0.582115 -0.807099 -0.098658 270.887085 0.000000 0.000000 0.000000 1.000000
0.773887 -0.630383 0.060964 38.722210 -0.025790 0.064812 0.997564 77.604317 -0.632799 -0.773574 0.033900 310.920105 0.000000 0.000000 0.000000 1.000000
0.563511 -0.768902 0.302068 38.990021 0.024790 0.381227 0.924149 -112.621300 -0.825736 -0.513280 0.233887 280.570496 0.000000 0.000000 0.000000 1.000000
0.783240 -0.548647 0.292442 12.437680 -0.099404 0.353814 0.930019 -220.562393 -0.613722 -0.757497 0.222583 212.888107 0.000000 0.000000 0.000000 1.000000
0.904231 -0.317665 0.285404 -50.459961 -0.144907 0.400432 0.904796 -361.327301 -0.401707 -0.859502 0.316051 131.873001 0.000000 0.000000 0.000000 1.000000
0.912709 -0.251204 0.322270 -37.092960 -0.198405 0.417029 0.886974 -351.096802 -0.357207 -0.873489 0.330786 120.171997 0.000000 0.000000 0.000000 1.000000
0.916239 -0.177457 0.359187 -1.079887 -0.260092 0.418457 0.870199 -299.273285 -0.304727 -0.890732 0.337251 145.041306 0.000000 0.000000 0.000000 1.000000
0.931437 -0.114896 0.345288 33.511700 -0.278605 0.385254 0.879749 -251.977798 -0.234103 -0.915630 0.326829 183.863907 0.000000 0.000000 0.000000 1.000000
0.933440 -0.136179 0.331881 63.799629 -0.275899 0.318772 0.906788 -203.859406 -0.229280 -0.937998 0.259983 226.516693 0.000000 0.000000 0.000000 1.000000
0.904050 -0.248565 0.347718 80.241150 -0.268829 0.301800 0.914685 -156.073807 -0.332300 -0.920398 0.206021 240.046097 0.000000 0.000000 0.000000 1.000000
0.759229 -0.583115 0.289048 85.012604 -0.096966 0.337819 0.936203 -109.553802 -0.643559 -0.738820 0.199940 217.852493 0.000000 0.000000 0.000000 1.000000
0.531408 -0.816720 0.224885 80.095886 -0.026705 0.249187 0.968087 -78.744537 -0.846695 -0.520455 0.110609 202.188004 0.000000 0.000000 0.000000 1.000000
0.372285 -0.916315 0.147550 82.106560 -0.040019 0.142982 0.988916 -60.465900 -0.927255 -0.374063 0.016560 196.246902 0.000000 0.000000 0.000000 1.000000
0.271919 -0.959844 0.068987 91.786568 -0.060108 0.054607 0.996697 -43.719780 -0.960441 -0.275167 -0.042845 194.845993 0.000000 0.000000 0.000000 1.000000
0.217179 -0.975916 0.020525 107.206596 -0.090206 0.000871 0.995923 -25.567881 -0.971955 -0.218145 -0.087844 195.987000 0.000000 0.000000 0.000000 1.000000</float_array>
          <technique_common>
            <accessor source="#bone_L_hand-Matrix-animation-output-transform-array" count="35" stride="16">
              <param type="float4x4"/>
            </accessor>
          </technique_common>
        </source>
        <source id="bone_L_hand-Interpolations">
          <Name_array id="bone_L_hand-Interpolations-array" count="35">
 LINEAR LINEAR LINEAR LINEAR LINEAR LINEAR LINEAR LINEAR LINEAR LINEAR LINEAR
LINEAR LINEAR LINEAR LINEAR LINEAR LINEAR LINEAR LINEAR LINEAR LINEAR LINEAR LINEAR
LINEAR LINEAR LINEAR LINEAR LINEAR LINEAR LINEAR LINEAR LINEAR LINEAR LINEAR LINEAR</Name_array>
          <technique_common>
            <accessor source="#bone_L_hand-Interpolations-array" count="35">
              <param type="name"/>
            </accessor>
          </technique_common>
        </source>
        <sampler id="bone_L_hand-Matrix-animation-transform">
          <input semantic="INPUT" source="#bone_L_hand-Matrix-animation-input"/>
          <input semantic="OUTPUT" source="#bone_L_hand-Matrix-animation-output-transform"/>
          <input semantic="INTERPOLATION" source="#bone_L_hand-Interpolations"/>
        </sampler>
        <channel source="#bone_L_hand-Matrix-animation-transform" target="bone_L_hand/matrix"/>
      </animation>
    </animation>
    <animation id="bone_L_arm-anim" name="bone_L_arm">
      <animation>
        <source id="bone_L_arm-Matrix-animation-input">
          <float_array id="bone_L_arm-Matrix-animation-input-array" count="35">

0.000000 0.033333 0.066667 0.100000 0.133333 0.166667 0.200000 0.233333 0.266667 0.300000 0.333333 0.366667 0.400000 0.433333 0.466667 0.500000
0.533333 0.566667 0.600000 0.633333 0.666667 0.700000 0.733333 0.766667 0.800000 0.833333 0.866667 0.900000 0.933333 0.966667 1.000000 1.033333
1.066667 1.100000 1.133333</float_array>
          <technique_common>
            <accessor source="#bone_L_arm-Matrix-animation-input-array" count="35">
              <param name="TIME" type="float"/>
            </accessor>
          </technique_common>
        </source>
        <source id="bone_L_arm-Matrix-animation-output-transform">
          <float_array id="bone_L_arm-Matrix-animation-output-transform-array" count="560">

0.615928 0.216811 0.757381 68.882118 -0.185021 0.974305 -0.128443 -14.055450 -0.765767 -0.061020 0.640216 243.634796 0.000000 0.000000 0.000000 1.000000
0.613990 0.269017 0.742055 67.443092 -0.281513 0.952935 -0.112538 -8.491486 -0.737406 -0.139800 0.660824 234.384796 0.000000 0.000000 0.000000 1.000000
0.631521 0.376516 0.677803 63.577820 -0.391169 0.909491 -0.140758 -2.516434 -0.669453 -0.176244 0.721644 223.882797 0.000000 0.000000 0.000000 1.000000
0.659676 0.471305 0.585404 56.561199 -0.443103 0.873052 -0.203567 1.648140 -0.607031 -0.125106 0.784769 216.162704 0.000000 0.000000 0.000000 1.000000
