<?xml version="1.0" encoding="utf-8"?>
<COLLADA xmlns="http://www.collada.org/2005/11/COLLADASchema" version="1.4.1">
  <asset>
    <contributor>
      <author/>
      <authoring_tool>FBX COLLADA exporter</authoring_tool>
      <comments/>
    </contributor>
    <created>2024-04-10T08:50:54Z</created>
    <keywords/>
    <modified>2024-04-10T08:50:54Z</modified>
    <revision/>
    <subject/>
    <title/>
    <unit meter="0.010000" name="centimeter"/>
    <up_axis>Y_UP</up_axis>
  </asset>
  <library_animations>
    <animation id="Camera-anim" name="Camera">
      <animation>
        <source id="Camera-Matrix-animation-input">
          <float_array id="Camera-Matrix-animation-input-array" count="281">

0.000000 0.033333 0.066667 0.100000 0.133333 0.166667 0.200000 0.233333 0.266667 0.300000 0.333333 0.366667 0.400000 0.433333 0.466667 0.500000
0.533333 0.566667 0.600000 0.633333 0.666667 0.700000 0.733333 0.766667 0.800000 0.833333 0.866667 0.900000 0.933333 0.966667 1.000000 1.033333
1.066667 1.100000 1.133333 1.166667 1.200000 1.233333 1.266667 1.300000 1.333333 1.366667 1.400000 1.433333 1.466667 1.500000 1.533333 1.566667
1.600000 1.633333 1.666667 1.700000 1.733333 1.766667 1.800000 1.833333 1.866667 1.900000 1.933333 1.966667 2.000000 2.033333 2.066667 2.100000
2.133333 2.166667 2.200000 2.233333 2.266667 2.300000 2.333333 2.366667 2.400000 2.433333 2.466667 2.500000 2.533333 2.566667 2.600000 2.633333
2.666667 2.700000 2.733333 2.766667 2.800000 2.833333 2.866667 2.900000 2.933333 2.966667 3.000000 3.033333 3.066667 3.100000 3.133333 3.166667
3.200000 3.233333 3.266667 3.300000 3.333333 3.366667 3.400000 3.433333 3.466667 3.500000 3.533333 3.566667 3.600000 3.633333 3.666667 3.700000
3.733333 3.766667 3.800000 3.833333 3.866667 3.900000 3.933333 3.966667 4.000000 4.033333 4.066667 4.100000 4.133333 4.166667 4.200000 4.233333
4.266667 4.300000 4.333333 4.366667 4.400000 4.433333 4.466667 4.500000 4.533333 4.566667 4.600000 4.633333 4.666667 4.700000 4.733333 4.766667
4.800000 4.833333 4.866667 4.900000 4.933333 4.966667 5.000000 5.033333 5.066667 5.100000 5.133333 5.166667 5.200000 5.233333 5.266667 5.300000
5.333333 5.366667 5.400000 5.433333 5.466667 5.500000 5.533333 5.566667 5.600000 5.633333 5.666667 5.700000 5.733333 5.766667 5.800000 5.833333
5.866667 5.900000 5.933333 5.966667 6.000000 6.033333 6.066667 6.100000 6.133333 6.166667 6.200000 6.233333 6.266667 6.300000 6.333333 6.366667
6.400000 6.433333 6.466667 6.500000 6.533333 6.566667 6.600000 6.633333 6.666667 6.700000 6.733333 6.766667 6.800000 6.833333 6.866667 6.900000
6.933333 6.966667 7.000000 7.033333 7.066667 7.100000 7.133333 7.166667 7.200000 7.233333 7.266667 7.300000 7.333333 7.366667 7.400000 7.433333
7.466667 7.500000 7.533333 7.566667 7.600000 7.633333 7.666667 7.700000 7.733333 7.766667 7.800000 7.833333 7.866667 7.900000 7.933333 7.966667
8.000000 8.033333 8.066667 8.100000 8.133333 8.166667 8.200000 8.233333 8.266667 8.300000 8.333333 8.366667 8.400000 8.433333 8.466667 8.500000
8.533333 8.566667 8.600000 8.633333 8.666667 8.700000 8.733333 8.766667 8.800000 8.833333 8.866667 8.900000 8.933333 8.966667 9.000000 9.033333
9.066667 9.100000 9.133333 9.166667 9.200000 9.233333 9.266667 9.300000 9.333333</float_array>
          <technique_common>
            <accessor source="#Camera-Matrix-animation-input-array" count="281">
              <param name="TIME" type="float"/>
            </accessor>
          </technique_common>
        </source>
        <source id="Camera-Matrix-animation-output-transform">
          <float_array id="Camera-Matrix-animation-output-transform-array" count="4496">

0.969877 -0.194564 -0.146573 103.097603 -0.000000 0.601707 -0.798717 514.543701 0.243596 0.774657 0.583582 1164.576904 0.000000 0.000000 0.000000 1.000000
0.969877 -0.197367 -0.142777 103.097603 -0.000000 0.586122 -0.810223 514.535522 0.243596 0.785816 0.568466 1164.576904 0.000000 0.000000 0.000000 1.000000
0.969877 -0.200112 -0.138903 103.097603 -0.000000 0.570218 -0.821494 514.478394 0.243596 0.796748 0.553041 1164.576904 0.000000 0.000000 0.000000 1.000000
0.969877 -0.202794 -0.134958 103.097603 0.000000 0.554025 -0.832500 514.323303 0.243596 0.807422 0.537336 1164.576904 0.000000 0.000000 0.000000 1.000000
0.969877 -0.205404 -0.130952 103.097603 0.000000 0.537577 -0.843215 514.021362 0.243596 0.817814 0.521384 1164.576904 0.000000 0.000000 0.000000 1.000000
0.969877 -0.207937 -0.126891 103.097603 0.000000 0.520908 -0.853613 513.523499 0.243596 0.827899 0.505217 1164.576904 0.000000 0.000000 0.000000 1.000000
0.969877 -0.210387 -0.122786 103.097603 0.000000 0.504055 -0.863672 512.780762 0.243596 0.837655 0.488871 1164.576904 0.000000 0.000000 0.000000 1.000000
0.969877 -0.212750 -0.118644 103.097603 -0.000000 0.487054 -0.873372 511.744263 0.243596 0.847063 0.472382 1164.576904 0.000000 0.000000 0.000000 1.000000
0.969877 -0.215021 -0.114477 103.097603 -0.000000 0.469945 -0.882696 510.364960 0.243596 0.856106 0.455788 1164.576904 0.000000 0.000000 0.000000 1.000000
0.969877 -0.217197 -0.110292 103.097603 0.000000 0.452767 -0.891629 508.593903 0.243596 0.864770 0.439129 1164.576904 0.000000 0.000000 0.000000 1.000000
0.969877 -0.219275 -0.106101 103.097603 0.000000 0.435563 -0.900158 506.382080 0.243596 0.873043 0.422442 1164.576904 0.000000 0.000000 0.000000 1.000000
0.970425 -0.219271 -0.100977 102.375328 -0.000000 0.418289 -0.908314 503.680603 0.241405 0.881450 0.405918 1160.982422 0.000000 0.000000 0.000000 1.000000
0.971965 -0.215374 -0.094332 100.307503 0.000000 0.401199 -0.915991 500.440460 0.235126 0.890311 0.389951 1150.694946 0.000000 0.000000 0.000000 1.000000
0.974313 -0.207859 -0.086653 97.042580 0.000000 0.384788 -0.923005 496.612671 0.225198 0.899296 0.374904 1134.458008 0.000000 0.000000 0.000000 1.000000
0.977259 -0.197038 -0.078366 92.729034 0.000000 0.369565 -0.929205 490.782837 0.212050 0.908074 0.361161 1113.015381 0.000000 0.000000 0.000000 1.000000
0.980581 -0.183263 -0.069826 87.515320 0.000000 0.356049 -0.934467 481.778900 0.196115 0.916321 0.349135 1087.110596 0.000000 0.000000 0.000000 1.000000
0.984061 -0.166926 -0.061309 81.549927 -0.000000 0.344762 -0.938690 469.915375 0.177829 0.923729 0.339267 1057.487549 0.000000 0.000000 0.000000 1.000000
0.987497 -0.148459 -0.053002 74.981300 0.000000 0.336230 -0.941780 455.506775 0.157636 0.930005 0.332026 1024.889648 0.000000 0.000000 0.000000 1.000000
0.990710 -0.128324 -0.045008 67.957916 0.000000 0.330973 -0.943640 438.867676 0.135988 0.934874 0.327898 990.060791 0.000000 0.000000 0.000000 1.000000
0.993555 -0.107017 -0.037348 60.628242 0.000000 0.329503 -0.944155 420.312592 0.113347 0.938070 0.327379 953.744629 0.000000 0.000000 0.000000 1.000000
0.995925 -0.085056 -0.029969 53.140747 0.000000 0.332319 -0.943167 400.156036 0.090181 0.939324 0.330964 916.684692 0.000000 0.000000 0.000000 1.000000
0.997755 -0.062979 -0.022762 45.643890 -0.000000 0.339898 -0.940462 378.712524 0.066966 0.938351 0.339135 879.624817 0.000000 0.000000 0.000000 1.000000
0.999023 -0.041343 -0.015582 38.286148 0.000000 0.352686 -0.935742 356.296631 0.044182 0.934828 0.352342 843.308655 0.000000 0.000000 0.000000 1.000000
0.999751 -0.020716 -0.008279 31.215981 0.000000 0.371087 -0.928598 333.222839 0.022309 0.928367 0.370995 808.479797 0.000000 0.000000 0.000000 1.000000
0.999998 -0.001679 -0.000723 24.581858 0.000000 0.395441 -0.918491 309.805695 0.001828 0.918490 0.395440 775.881958 0.000000 0.000000 0.000000 1.000000
0.999859 0.015186 0.007151 18.532248 -0.000000 0.425999 -0.904723 286.359741 -0.016786 0.904596 0.425939 746.258850 0.000000 0.000000 0.000000 1.000000
0.999453 0.029181 0.015534 13.215614 0.000000 0.469884 -0.882728 263.199493 -0.033058 0.882246 0.469627 720.354126 0.000000 0.000000 0.000000 1.000000
0.998917 0.038959 0.025426 8.780427 0.000000 0.546538 -0.837435 240.639481 -0.046521 0.836528 0.545946 698.911438 0.000000 0.000000 0.000000 1.000000
0.998391 0.042193 0.037892 5.375152 0.000000 0.668165 -0.744014 218.994247 -0.056711 0.742816 0.667089 682.674500 0.000000 0.000000 0.000000 1.000000
0.998003 0.028804 0.056213 3.148256 0.000000 0.889965 -0.456029 198.578293 -0.063163 0.455118 0.888188 672.386963 0.000000 0.000000 0.000000 1.000000
0.997858 0.000117 0.065417 2.248207 0.000000 0.999998 -0.001788 179.706177 -0.065417 0.001784 0.997856 668.792542 0.000000 0.000000 0.000000 1.000000
0.997858 0.000085 0.065417 2.079160 0.000000 0.999999 -0.001303 170.119354 -0.065417 0.001300 0.997857 668.792542 0.000000 0.000000 0.000000 1.000000
0.997858 0.000060 0.065417 1.943798 0.000000 1.000000 -0.000915 188.781235 -0.065417 0.000913 0.997858 668.792542 0.000000 0.000000 0.000000 1.000000
0.997858 0.000040 0.065417 1.838378 -0.000000 1.000000 -0.000613 175.410049 -0.065417 0.000612 0.997858 668.792542 0.000000 0.000000 0.000000 1.000000
0.997858 0.000025 0.065417 1.759156 0.000000 1.000000 -0.000386 185.453644 -0.065417 0.000385 0.997858 668.792542 0.000000 0.000000 0.000000 1.000000
0.997858 0.000015 0.065417 1.702392 0.000000 1.000000 -0.000223 179.706177 -0.065417 0.000223 0.997858 668.792542 0.000000 0.000000 0.000000 1.000000
0.997858 0.000007 0.065417 1.664340 -0.000000 1.000000 -0.000114 179.706177 -0.065417 0.000114 0.997858 668.792542 0.000000 0.000000 0.000000 1.000000
0.997858 0.000003 0.065417 1.641260 0.000000 1.000000 -0.000048 179.706177 -0.065417 0.000048 0.997858 668.792542 0.000000 0.000000 0.000000 1.000000
0.997858 0.000001 0.065417 1.629408 -0.000000 1.000000 -0.000014 179.706177 -0.065417 0.000014 0.997858 668.792542 0.000000 0.000000 0.000000 1.000000
0.997858 0.000000 0.065417 1.625042 0.000000 1.000000 -0.000002 179.706177 -0.065417 0.000002 0.997858 668.792542 0.000000 0.000000 0.000000 1.000000
0.997858 0.000000 0.065417 1.624418 0.000000 1.000000 0.000000 179.706177 -0.065417 0.000000 0.997858 668.792542 0.000000 0.000000 0.000000 1.000000
0.997858 0.000000 0.065417 1.624418 0.000000 1.000000 0.000000 179.706177 -0.065417 0.000000 0.997858 665.738342 0.000000 0.000000 0.000000 1.000000
0.997858 0.000000 0.065417 1.624418 0.000000 1.000000 0.000000 179.706177 -0.065417 0.000000 0.997858 662.684204 0.000000 0.000000 0.000000 1.000000
0.997858 0.000000 0.065417 1.624418 0.000000 1.000000 0.000000 179.706177 -0.065417 0.000000 0.997858 659.630066 0.000000 0.000000 0.000000 1.000000
0.997858 0.000000 0.065417 1.624418 0.000000 1.000000 0.000000 179.706177 -0.065417 0.000000 0.997858 656.575867 0.000000 0.000000 0.000000 1.000000
0.997858 0.000000 0.065417 1.624418 0.000000 1.000000 0.000000 179.706177 -0.065417 0.000000 0.997858 653.521729 0.000000 0.000000 0.000000 1.000000
0.997858 0.000000 0.065417 1.624418 0.000000 1.000000 0.000000 179.706177 -0.065417 0.000000 0.997858 650.467529 0.000000 0.000000 0.000000 1.000000
0.997858 0.000000 0.065417 1.624418 0.000000 1.000000 0.000000 179.706177 -0.065417 0.000000 0.997858 647.413391 0.000000 0.000000 0.000000 1.000000
0.997858 0.000000 0.065417 1.624418 0.000000 1.000000 0.000000 179.706177 -0.065417 0.000000 0.997858 644.359192 0.000000 0.000000 0.000000 1.000000
0.997858 0.000000 0.065417 1.624418 0.000000 1.000000 0.000000 179.706177 -0.065417 0.000000 0.997858 641.305054 0.000000 0.000000 0.000000 1.000000
0.997858 0.000000 0.065417 1.624418 0.000000 1.000000 0.000000 179.706177 -0.065417 0.000000 0.997858 638.250916 0.000000 0.000000 0.000000 1.000000
0.997858 0.000000 0.065417 1.624418 0.000000 1.000000 0.000000 179.706177 -0.065417 0.000000 0.997858 635.196716 0.000000 0.000000 0.000000 1.000000
0.997858 0.000000 0.065417 1.624418 0.000000 1.000000 0.000000 179.706177 -0.065417 0.000000 0.997858 632.142578 0.000000 0.000000 0.000000 1.000000
0.997858 0.000000 0.065417 1.624418 0.000000 1.000000 0.000000 179.706177 -0.065417 0.000000 0.997858 629.088379 0.000000 0.000000 0.000000 1.000000
0.997858 0.000000 0.065417 1.624418 0.000000 1.000000 0.000000 179.706177 -0.065417 0.000000 0.997858 626.034241 0.000000 0.000000 0.000000 1.000000
0.997858 0.000000 0.065417 1.624418 0.000000 1.000000 0.000000 179.706177 -0.065417 0.000000 0.997858 622.980103 0.000000 0.000000 0.000000 1.000000
0.997858 0.000000 0.065417 1.624418 0.000000 1.000000 0.000000 179.706177 -0.065417 0.000000 0.997858 619.925903 0.000000 0.000000 0.000000 1.000000
0.997858 0.000000 0.065417 1.624418 0.000000 1.000000 0.000000 179.706177 -0.065417 0.000000 0.997858 616.871765 0.000000 0.000000 0.000000 1.000000
0.997858 0.000000 0.065417 1.624418 0.000000 1.000000 0.000000 179.706177 -0.065417 0.000000 0.997858 613.817566 0.000000 0.000000 0.000000 1.000000
0.997858 0.000000 0.065417 1.624418 0.000000 1.000000 0.000000 179.706177 -0.065417 0.000000 0.997858 610.763428 0.000000 0.000000 0.000000 1.000000
0.997858 0.000000 0.065417 1.624418 0.000000 1.000000 0.000000 179.706177 -0.065417 0.000000 0.997858 607.709229 0.000000 0.000000 0.000000 1.000000
0.997858 0.000000 0.065417 1.624418 0.000000 1.000000 0.000000 179.706177 -0.065417 0.000000 0.997858 607.709229 0.000000 0.000000 0.000000 1.000000
0.997858 0.000000 0.065417 1.624418 0.000000 1.000000 0.000000 179.706177 -0.065417 0.000000 0.997858 607.709229 0.000000 0.000000 0.000000 1.000000
0.997858 0.000000 0.065417 1.624418 0.000000 1.000000 0.000000 179.706177 -0.065417 0.000000 0.997858 607.709229 0.000000 0.000000 0.000000 1.000000
0.997858 -0.000696 0.065414 1.624418 -0.000000 0.999943 0.010638 179.706177 -0.065417 -0.010615 0.997802 607.709229 0.000000 0.000000 0.000000 1.000000
0.997160 0.001015 0.075299 1.624418 0.000000 0.999909 -0.013481 177.510345 -0.075306 0.013443 0.997070 607.709229 0.000000 0.000000 0.000000 1.000000
0.994660 -0.001098 0.103204 1.624418 0.000000 0.999943 0.010638 182.022522 -0.103210 -0.010581 0.994603 607.709229 0.000000 0.000000 0.000000 1.000000
0.989226 0.001974 0.146386 1.624418 0.000000 0.999909 -0.013481 177.510345 -0.146400 0.013336 0.989136 607.709229 0.000000 0.000000 0.000000 1.000000
0.979387 -0.002149 0.201981 1.624418 0.000000 0.999943 0.010638 182.022522 -0.201992 -0.010419 0.979332 607.709229 0.000000 0.000000 0.000000 1.000000
0.963717 0.000000 0.266925 1.624418 0.000000 1.000000 0.000000 177.510345 -0.266925 0.000000 0.963717 607.709229 0.000000 0.000000 0.000000 1.000000
0.941154 0.000000 0.337978 1.624418 0.000000 1.000000 0.000000 179.706177 -0.337978 0.000000 0.941154 607.709229 0.000000 0.000000 0.000000 1.000000
0.911242 0.000000 0.411872 1.624418 0.000000 1.000000 0.000000 179.706177 -0.411872 0.000000 0.911242 607.709229 0.000000 0.000000 0.000000 1.000000
0.874286 0.000000 0.485411 1.624418 0.000000 1.000000 0.000000 179.706177 -0.485411 0.000000 0.874286 607.709229 0.000000 0.000000 0.000000 1.000000
0.831408 0.000000 0.555662 1.624418 0.000000 1.000000 0.000000 179.706177 -0.555662 0.000000 0.831408 607.709229 0.000000 0.000000 0.000000 1.000000
0.784505 0.000000 0.620122 1.624418 0.000000 1.000000 0.000000 179.706177 -0.620122 0.000000 0.784505 607.709229 0.000000 0.000000 0.000000 1.000000
0.736127 0.000000 0.676843 1.624418 0.000000 1.000000 0.000000 179.706177 -0.676843 0.000000 0.736127 607.709229 0.000000 0.000000 0.000000 1.000000
0.689300 0.000000 0.724476 1.624418 0.000000 1.000000 0.000000 179.706177 -0.724476 0.000000 0.689300 607.709229 0.000000 0.000000 0.000000 1.000000
0.647316 0.000000 0.762222 1.624418 0.000000 1.000000 0.000000 179.706177 -0.762222 0.000000 0.647316 607.709229 0.000000 0.000000 0.000000 1.000000
0.613531 0.000000 0.789671 1.624418 0.000000 1.000000 0.000000 179.706177 -0.789671 0.000000 0.613531 607.709229 0.000000 0.000000 0.000000 1.000000
0.591169 0.000000 0.806547 1.624418 0.000000 1.000000 0.000000 179.706177 -0.806547 0.000000 0.591169 607.709229 0.000000 0.000000 0.000000 1.000000
0.583145 0.000000 0.812368 1.624418 0.000000 1.000000 0.000000 179.706177 -0.812368 0.000000 0.583145 607.709229 0.000000 0.000000 0.000000 1.000000
0.584339 0.000000 0.811509 1.624418 0.000000 1.000000 0.000000 179.706177 -0.811509 0.000000 0.584339 607.709229 0.000000 0.000000 0.000000 1.000000
0.587814 0.000000 0.808996 1.624418 0.000000 1.000000 0.000000 179.706177 -0.808996 0.000000 0.587814 607.709229 0.000000 0.000000 0.000000 1.000000
0.593393 0.000000 0.804913 1.624418 0.000000 1.000000 0.000000 179.706177 -0.804913 0.000000 0.593393 607.709229 0.000000 0.000000 0.000000 1.000000
0.600894 0.000000 0.799328 1.624418 0.000000 1.000000 0.000000 179.706177 -0.799328 0.000000 0.600894 607.709229 0.000000 0.000000 0.000000 1.000000
0.610125 0.000000 0.792305 1.624418 0.000000 1.000000 0.000000 179.706177 -0.792305 0.000000 0.610125 607.709229 0.000000 0.000000 0.000000 1.000000
0.620888 0.000000 0.783899 1.624418 0.000000 1.000000 0.000000 179.706177 -0.783899 0.000000 0.620888 607.709229 0.000000 0.000000 0.000000 1.000000
0.632982 0.000000 0.774166 1.624418 0.000000 1.000000 0.000000 179.706177 -0.774166 0.000000 0.632982 607.709229 0.000000 0.000000 0.000000 1.000000
0.646206 0.000000 0.763163 1.624418 0.000000 1.000000 0.000000 179.706177 -0.763163 0.000000 0.646206 607.709229 0.000000 0.000000 0.000000 1.000000
0.660357 0.000000 0.750952 1.624418 0.000000 1.000000 0.000000 179.706177 -0.750952 0.000000 0.660357 607.709229 0.000000 0.000000 0.000000 1.000000
0.675236 0.000000 0.737602 1.624418 0.000000 1.000000 0.000000 179.706177 -0.737602 0.000000 0.675236 607.709229 0.000000 0.000000 0.000000 1.000000
0.690648 0.000000 0.723191 1.624418 0.000000 1.000000 0.000000 179.706177 -0.723191 0.000000 0.690648 607.709229 0.000000 0.000000 0.000000 1.000000
0.706403 0.000000 0.707810 1.624418 0.000000 1.000000 0.000000 179.706177 -0.707810 0.000000 0.706403 607.709229 0.000000 0.000000 0.000000 1.000000
0.722321 0.000000 0.691558 1.624418 0.000000 1.000000 0.000000 179.706177 -0.691558 0.000000 0.722321 607.709229 0.000000 0.000000 0.000000 1.000000
0.738230 0.000000 0.674549 1.624418 0.000000 1.000000 0.000000 179.706177 -0.674549 0.000000 0.738230 607.709229 0.000000 0.000000 0.000000 1.000000
0.753969 0.000000 0.656910 1.624418 0.000000 1.000000 0.000000 179.706177 -0.656910 0.000000 0.753969 607.709229 0.000000 0.000000 0.000000 1.000000
0.769389 0.000000 0.638781 1.624418 0.000000 1.000000 0.000000 179.706177 -0.638781 0.000000 0.769389 607.709229 0.000000 0.000000 0.000000 1.000000
0.784355 0.000000 0.620312 1.624418 0.000000 1.000000 0.000000 179.706177 -0.620312 0.000000 0.784355 607.709229 0.000000 0.000000 0.000000 1.000000
0.798747 0.000000 0.601667 1.624418 0.000000 1.000000 0.000000 179.706177 -0.601667 0.000000 0.798747 607.709229 0.000000 0.000000 0.000000 1.000000
0.812458 0.000000 0.583020 1.624418 0.000000 1.000000 0.000000 179.706177 -0.583020 0.000000 0.812458 607.709229 0.000000 0.000000 0.000000 1.000000
0.825396 0.000000 0.564554 1.624418 0.000000 1.000000 0.000000 179.706177 -0.564554 0.000000 0.825396 607.709229 0.000000 0.000000 0.000000 1.000000
0.837619 0.000000 0.546255 2.008275 0.000000 1.000000 0.000000 179.706177 -0.546255 0.000000 0.837619 607.345215 0.000000 0.000000 0.000000 1.000000
0.849241 0.000000 0.528006 3.136402 0.000000 1.000000 0.000000 179.706177 -0.528006 0.000000 0.849241 606.258545 0.000000 0.000000 0.000000 1.000000
0.860266 0.000000 0.509845 4.973632 0.000000 1.000000 0.000000 179.706177 -0.509845 0.000000 0.860266 604.457520 0.000000 0.000000 0.000000 1.000000
0.870703 0.000000 0.491809 7.484799 0.000000 1.000000 0.000000 179.706177 -0.491809 0.000000 0.870703 601.950256 0.000000 0.000000 0.000000 1.000000
0.880561 0.000000 0.473933 10.634738 0.000000 1.000000 0.000000 179.706177 -0.473933 0.000000 0.880561 598.745056 0.000000 0.000000 0.000000 1.000000
0.889849 0.000000 0.456254 14.388282 0.000000 1.000000 0.000000 179.706177 -0.456254 0.000000 0.889849 594.850037 0.000000 0.000000 0.000000 1.000000
0.898581 0.000000 0.438808 18.710264 0.000000 1.000000 0.000000 179.706177 -0.438808 0.000000 0.898581 590.273499 0.000000 0.000000 0.000000 1.000000
0.906768 0.000000 0.421630 23.565519 0.000000 1.000000 0.000000 179.706177 -0.421630 0.000000 0.906768 585.023560 0.000000 0.000000 0.000000 1.000000
0.914426 0.000000 0.404753 28.918880 0.000000 1.000000 0.000000 179.706177 -0.404753 0.000000 0.914426 579.108521 0.000000 0.000000 0.000000 1.000000
0.921570 0.000000 0.388213 34.735184 0.000000 1.000000 0.000000 179.706177 -0.388213 0.000000 0.921570 572.536499 0.000000 0.000000 0.000000 1.000000
0.928216 0.000000 0.372042 40.979259 0.000000 1.000000 0.000000 179.706177 -0.372042 0.000000 0.928216 565.315796 0.000000 0.000000 0.000000 1.000000
0.934382 0.000000 0.356272 47.615940 0.000000 1.000000 0.000000 179.706177 -0.356272 0.000000 0.934382 557.454590 0.000000 0.000000 0.000000 1.000000
0.940087 0.000000 0.340935 54.610065 0.000000 1.000000 0.000000 179.706177 -0.340935 0.000000 0.940087 548.961060 0.000000 0.000000 0.000000 1.000000
0.945348 0.000000 0.326063 61.926468 0.000000 1.000000 0.000000 179.706177 -0.326063 0.000000 0.945348 539.843445 0.000000 0.000000 0.000000 1.000000
0.950185 0.000000 0.311685 69.529976 0.000000 1.000000 0.000000 179.706177 -0.311685 0.000000 0.950185 530.109924 0.000000 0.000000 0.000000 1.000000
0.954619 0.000000 0.297831 77.385429 0.000000 1.000000 0.000000 179.706177 -0.297831 0.000000 0.954619 519.768738 0.000000 0.000000 0.000000 1.000000
0.958668 0.000000 0.284528 85.457657 0.000000 1.000000 0.000000 179.706177 -0.284528 0.000000 0.958668 508.828094 0.000000 0.000000 0.000000 1.000000
0.962352 0.000000 0.271806 93.711502 0.000000 1.000000 0.000000 179.706177 -0.271806 0.000000 0.962352 497.296204 0.000000 0.000000 0.000000 1.000000
0.965692 0.000000 0.259691 102.111786 0.000000 1.000000 0.000000 179.706177 -0.259691 0.000000 0.965692 485.181244 0.000000 0.000000 0.000000 1.000000
0.968707 0.000000 0.248208 110.623344 0.000000 1.000000 0.000000 179.706177 -0.248208 0.000000 0.968707 472.491486 0.000000 0.000000 0.000000 1.000000
0.971430 0.000000 0.237325 119.211021 0.000000 1.000000 0.000000 179.706177 -0.237325 0.000000 0.971430 459.235077 0.000000 0.000000 0.000000 1.000000
0.973905 0.000000 0.226956 127.839645 0.000000 1.000000 0.000000 179.706177 -0.226956 0.000000 0.973905 445.420258 0.000000 0.000000 0.000000 1.000000
0.976161 0.000000 0.217050 136.474045 0.000000 1.000000 0.000000 179.706177 -0.217050 0.000000 0.976161 431.055237 0.000000 0.000000 0.000000 1.000000
0.978224 0.000000 0.207551 145.079056 0.000000 1.000000 0.000000 179.706177 -0.207551 0.000000 0.978224 416.148193 0.000000 0.000000 0.000000 1.000000
0.980120 0.000000 0.198408 153.619522 0.000000 1.000000 0.000000 179.706177 -0.198408 0.000000 0.980120 400.707397 0.000000 0.000000 0.000000 1.000000
0.981869 0.000000 0.189563 162.060257 0.000000 1.000000 0.000000 179.706177 -0.189563 0.000000 0.981869 384.740997 0.000000 0.000000 0.000000 1.000000
0.983490 0.000000 0.180961 170.366119 0.000000 1.000000 0.000000 179.706177 -0.180961 0.000000 0.983490 368.257263 0.000000 0.000000 0.000000 1.000000
0.985001 0.000000 0.172547 178.501923 0.000000 1.000000 0.000000 179.706177 -0.172547 0.000000 0.985001 351.264343 0.000000 0.000000 0.000000 1.000000
0.986417 0.000000 0.164263 186.432510 0.000000 1.000000 0.000000 179.706177 -0.164263 0.000000 0.986417 333.770477 0.000000 0.000000 0.000000 1.000000
0.987749 0.000000 0.156053 194.122726 0.000000 1.000000 0.000000 179.706177 -0.156053 0.000000 0.987749 315.783875 0.000000 0.000000 0.000000 1.000000
0.989009 0.000000 0.147857 201.537384 0.000000 1.000000 0.000000 179.706177 -0.147857 0.000000 0.989009 297.312775 0.000000 0.000000 0.000000 1.000000
0.990205 0.000000 0.139620 208.641312 0.000000 1.000000 0.000000 179.706177 -0.139620 0.000000 0.990205 278.365326 0.000000 0.000000 0.000000 1.000000
0.991345 0.000000 0.131282 215.399384 0.000000 1.000000 0.000000 179.706177 -0.131282 0.000000 0.991345 258.949768 0.000000 0.000000 0.000000 1.000000
0.992433 0.000000 0.122785 221.776382 0.000000 1.000000 0.000000 179.706177 -0.122785 0.000000 0.992433 239.074326 0.000000 0.000000 0.000000 1.000000
0.993542 0.000000 0.113466 228.205276 0.000000 1.000000 0.000000 179.706177 -0.113466 0.000000 0.993542 213.709335 0.000000 0.000000 0.000000 1.000000
0.994638 0.000000 0.103417 235.056839 0.000000 1.000000 0.000000 179.706177 -0.103417 0.000000 0.994638 178.923401 0.000000 0.000000 0.000000 1.000000
0.995599 0.000000 0.093715 242.202713 0.000000 1.000000 0.000000 179.706177 -0.093715 0.000000 0.995599 136.372070 0.000000 0.000000 0.000000 1.000000
0.996343 0.000000 0.085443 249.514557 0.000000 1.000000 0.000000 179.706177 -0.085443 0.000000 0.996343 87.710922 0.000000 0.000000 0.000000 1.000000
0.996820 0.000000 0.079685 256.864014 0.000000 1.000000 0.000000 179.706177 -0.079685 0.000000 0.996820 34.595497 0.000000 0.000000 0.000000 1.000000
0.996990 0.000000 0.077525 264.122681 0.000000 1.000000 0.000000 179.706177 -0.077525 0.000000 0.996990 -21.318645 0.000000 0.000000 0.000000 1.000000
0.995740 -0.001111 0.092204 271.162262 0.000000 0.999927 0.012053 179.706177 -0.092210 -0.012001 0.995667 -78.375946 0.000000 0.000000 0.000000 1.000000
0.991321 0.001584 0.131451 277.854370 -0.000000 0.999927 -0.012053 179.706177 -0.131461 0.011948 0.991249 -134.920853 0.000000 0.000000 0.000000 1.000000
0.982187 -0.002265 0.187893 284.070648 0.000000 0.999927 0.012053 179.706177 -0.187906 -0.011838 0.982116 -189.297791 0.000000 0.000000 0.000000 1.000000
0.967200 0.003062 0.253997 289.682739 0.000000 0.999927 -0.012053 179.706177 -0.254015 0.011657 0.967130 -239.851227 0.000000 0.000000 0.000000 1.000000
0.946635 -0.003885 0.322285 294.562256 -0.000000 0.999927 0.012053 179.706177 -0.322308 -0.011409 0.946566 -284.925598 0.000000 0.000000 0.000000 1.000000
0.922624 0.004649 0.385672 298.580902 -0.000000 0.999927 -0.012053 179.706177 -0.385700 0.011120 0.922557 -322.865326 0.000000 0.000000 0.000000 1.000000
0.899071 -0.005277 0.437772 301.610260 0.000000 0.999927 0.012053 179.706177 -0.437803 -0.010836 0.899005 -352.014862 0.000000 0.000000 0.000000 1.000000
0.881080 0.005700 0.472932 303.522034 0.000000 0.999927 -0.012053 179.706177 -0.472967 0.010619 0.881016 -370.718689 0.000000 0.000000 0.000000 1.000000
0.874014 0.000000 0.485901 304.187805 0.000000 1.000000 0.000000 179.706177 -0.485901 0.000000 0.874014 -377.321167 0.000000 0.000000 0.000000 1.000000
1.000000 0.000000 0.000000 134.408707 0.000000 1.000000 0.000000 250.654144 0.000000 0.000000 1.000000 573.291077 0.000000 0.000000 0.000000 1.000000
0.999988 -0.000865 0.004790 95.636482 0.000886 0.999990 -0.004356 250.634537 -0.004786 0.004360 0.999979 723.984680 0.000000 0.000000 0.000000 1.000000
0.999856 -0.003069 0.016675 70.881279 0.003315 0.999886 -0.014702 250.497330 -0.016627 0.014755 0.999753 857.627747 0.000000 0.000000 0.000000 1.000000
0.999472 -0.006080 0.031925 53.741291 0.006941 0.999613 -0.026943 250.124893 -0.031749 0.027150 0.999127 975.712036 0.000000 0.000000 0.000000 1.000000
0.998859 -0.009682 0.046767 37.814690 0.011419 0.999249 -0.037023 249.399628 -0.046373 0.037515 0.998219 1079.729126 0.000000 0.000000 0.000000 1.000000
0.998255 -0.014040 0.057363 16.699648 0.016406 0.999025 -0.040975 248.203918 -0.056732 0.041845 0.997512 1171.170898 0.000000 0.000000 0.000000 1.000000
0.997777 -0.019141 0.063833 -13.585249 0.021561 0.999066 -0.037439 239.205643 -0.063056 0.038732 0.997258 1251.528809 0.000000 0.000000 0.000000 1.000000
0.997324 -0.024477 0.068887 -49.455894 0.026542 0.999220 -0.029228 218.976410 -0.068118 0.030978 0.997196 1322.294800 0.000000 0.000000 0.000000 1.000000
0.996925 -0.029574 0.072568 -85.965813 0.031008 0.999344 -0.018714 193.254227 -0.071967 0.020906 0.997188 1384.960327 0.000000 0.000000 0.000000 1.000000
0.996608 -0.033903 0.074983 -118.168533 0.034619 0.999366 -0.008271 167.777054 -0.074655 0.010839 0.997151 1441.017090 0.000000 0.000000 0.000000 1.000000
0.996402 -0.036907 0.076293 -141.117584 0.037036 0.999314 -0.000272 148.282913 -0.076231 0.003096 0.997085 1491.956909 0.000000 0.000000 0.000000 1.000000
0.996330 -0.038029 0.076690 -149.866486 0.037917 0.999277 0.002919 140.509750 -0.076745 0.000000 0.997051 1539.271362 0.000000 0.000000 0.000000 1.000000
0.996577 -0.036726 0.074068 -144.160843 0.036625 0.999325 0.002722 144.778992 -0.074118 0.000000 0.997249 1580.348755 0.000000 0.000000 0.000000 1.000000
0.997197 -0.033232 0.067038 -128.141983 0.033157 0.999448 0.002229 156.220596 -0.067076 0.000000 0.997748 1612.339844 0.000000 0.000000 0.000000 1.000000
0.997985 -0.028173 0.056851 -103.456917 0.028127 0.999603 0.001602 172.785294 -0.056874 0.000000 0.998381 1636.380493 0.000000 0.000000 0.000000 1.000000
0.998752 -0.022174 0.044760 -71.752724 0.022152 0.999754 0.000993 192.423843 -0.044771 0.000000 0.998997 1653.606567 0.000000 0.000000 0.000000 1.000000
0.999361 -0.015862 0.032025 -34.676430 0.015854 0.999874 0.000508 213.087021 -0.032030 0.000000 0.999487 1665.153687 0.000000 0.000000 0.000000 1.000000
0.999753 -0.009862 0.019914 6.124907 0.009860 0.999951 0.000196 232.725586 -0.019915 0.000000 0.999802 1672.157593 0.000000 0.000000 0.000000 1.000000
0.999941 -0.004800 0.009695 49.004242 0.004800 0.999988 0.000047 249.290283 -0.009695 -0.000000 0.999953 1675.754272 0.000000 0.000000 0.000000 1.000000
0.999996 -0.001304 0.002634 92.314529 0.001304 0.999999 0.000003 260.731873 -0.002634 0.000000 0.999997 1677.079346 0.000000 0.000000 0.000000 1.000000
1.000000 0.000000 0.000000 134.408707 0.000000 1.000000 0.000000 265.001129 0.000000 0.000000 1.000000 1677.268555 0.000000 0.000000 0.000000 1.000000
1.000000 -0.000196 0.000000 183.993896 0.000196 1.000000 0.000000 260.030029 0.000000 0.000000 1.000000 1675.478760 0.000000 0.000000 0.000000 1.000000
1.000000 -0.000695 0.000000 245.826950 0.000695 1.000000 0.000000 247.371719 0.000000 0.000000 1.000000 1670.921143 0.000000 0.000000 0.000000 1.000000
0.999999 -0.001364 0.000000 312.335510 0.001364 0.999999 0.000000 230.408539 0.000000 0.000000 1.000000 1664.813599 0.000000 0.000000 0.000000 1.000000
0.999998 -0.002069 0.000000 375.947174 0.002069 0.999998 0.000000 212.522888 0.000000 0.000000 1.000000 1658.374023 0.000000 0.000000 0.000000 1.000000
0.999996 -0.002677 0.000000 429.089569 0.002677 0.999996 0.000000 197.097153 0.000000 0.000000 1.000000 1652.819946 0.000000 0.000000 0.000000 1.000000
0.999995 -0.003054 0.000000 464.190369 0.003054 0.999995 0.000000 187.513718 0.000000 0.000000 1.000000 1649.369507 0.000000 0.000000 0.000000 1.000000
0.999995 -0.003238 0.000000 484.038330 0.003238 0.999995 0.000000 182.850128 0.000000 0.000000 1.000000 1647.967163 0.000000 0.000000 0.000000 1.000000
0.999994 -0.003361 0.000000 497.343018 0.003361 0.999994 0.000000 179.723984 0.000000 0.000000 1.000000 1647.450562 0.000000 0.000000 0.000000 1.000000
0.999994 -0.003436 0.000000 505.413055 0.003436 0.999994 0.000000 177.827789 0.000000 0.000000 1.000000 1647.376709 0.000000 0.000000 0.000000 1.000000
0.999994 -0.003474 0.000000 509.557159 0.003474 0.999994 0.000000 176.854080 0.000000 0.000000 1.000000 1647.302856 0.000000 0.000000 0.000000 1.000000
0.999994 -0.003489 0.000000 511.083923 0.003489 0.999994 0.000000 176.495331 0.000000 0.000000 1.000000 1646.786255 0.000000 0.000000 0.000000 1.000000
0.999994 -0.003491 0.000000 511.302032 0.003491 0.999994 0.000000 176.444092 0.000000 0.000000 1.000000 1645.383911 0.000000 0.000000 0.000000 1.000000
0.999994 -0.003491 0.000000 484.062286 0.003491 0.999994 0.000000 207.248352 0.000000 0.000000 1.000000 1568.226929 0.000000 0.000000 0.000000 1.000000
0.999994 -0.003491 0.000000 423.254425 0.003491 0.999994 0.000000 276.013397 0.000000 0.000000 1.000000 1398.614380 0.000000 0.000000 0.000000 1.000000
0.999994 -0.003491 0.000000 360.245331 0.003491 0.999994 0.000000 347.267700 0.000000 0.000000 1.000000 1223.355835 0.000000 0.000000 0.000000 1.000000
0.999994 -0.003491 0.000000 326.402039 0.003491 0.999994 0.000000 385.539642 0.000000 0.000000 1.000000 1129.260376 0.000000 0.000000 0.000000 1.000000
0.999994 -0.003491 0.000000 318.539368 0.003491 0.999994 0.000000 394.431244 0.000000 0.000000 1.000000 1107.312744 0.000000 0.000000 0.000000 1.000000
0.999994 -0.003491 0.000000 312.415894 0.003491 0.999994 0.000000 401.356018 0.000000 0.000000 1.000000 1090.219971 0.000000 0.000000 0.000000 1.000000
0.999994 -0.003491 0.000000 307.814209 0.003491 0.999994 0.000000 406.559845 0.000000 0.000000 1.000000 1077.375000 0.000000 0.000000 0.000000 1.000000
0.999994 -0.003491 0.000000 304.516968 0.003491 0.999994 0.000000 410.288574 0.000000 0.000000 1.000000 1068.171143 0.000000 0.000000 0.000000 1.000000
0.999994 -0.003491 0.000000 302.306702 0.003491 0.999994 0.000000 412.788055 0.000000 0.000000 1.000000 1062.001465 0.000000 0.000000 0.000000 1.000000
0.999994 -0.003491 0.000000 300.966064 0.003491 0.999994 0.000000 414.304138 0.000000 0.000000 1.000000 1058.259277 0.000000 0.000000 0.000000 1.000000
0.999994 -0.003491 0.000000 300.277618 0.003491 0.999994 0.000000 415.082642 0.000000 0.000000 1.000000 1056.337646 0.000000 0.000000 0.000000 1.000000
0.999994 -0.003491 0.000000 300.023987 0.003491 0.999994 0.000000 415.369476 0.000000 0.000000 1.000000 1055.629639 0.000000 0.000000 0.000000 1.000000
0.999994 -0.003491 0.000000 299.987762 0.003491 0.999994 0.000000 415.410461 0.000000 0.000000 1.000000 1055.528442 0.000000 0.000000 0.000000 1.000000
0.999994 -0.003491 0.000000 299.987762 0.003491 0.999994 0.000000 415.410461 0.000000 0.000000 1.000000 1055.528442 0.000000 0.000000 0.000000 1.000000
0.999994 -0.003491 0.000000 299.987762 0.003491 0.999994 0.000000 415.410461 0.000000 0.000000 1.000000 1055.528442 0.000000 0.000000 0.000000 1.000000
0.982794 -0.101989 0.153993 232.763855 0.101351 0.994778 0.012011 323.597382 -0.154414 0.003803 0.987999 1290.566284 0.000000 0.000000 0.000000 1.000000
0.955661 -0.092017 0.279722 115.534515 0.098358 0.995113 -0.008686 166.362228 -0.277556 0.035814 0.960042 1693.398560 0.000000 0.000000 0.000000 1.000000
0.949404 -0.077781 0.304274 37.481163 0.096359 0.994260 -0.046502 56.884171 -0.298911 0.073469 0.951449 1973.341187 0.000000 0.000000 0.000000 1.000000
0.958579 -0.070714 0.275909 30.002615 0.094816 0.992666 -0.074997 36.755634 -0.268582 0.098051 0.958253 2023.731934 0.000000 0.000000 0.000000 1.000000
0.976405 -0.069092 0.204598 25.343435 0.092300 0.990057 -0.106147 23.399240 -0.195230 0.122527 0.973074 2057.054199 0.000000 0.000000 0.000000 1.000000
0.990677 -0.069843 0.116965 22.717642 0.085260 0.987514 -0.132468 15.374981 -0.106253 0.141205 0.984262 2077.008057 0.000000 0.000000 0.000000 1.000000
0.996993 -0.065674 0.041133 21.339247 0.071026 0.986715 -0.146115 11.242851 -0.030991 0.148598 0.988412 2087.293213 0.000000 0.000000 0.000000 1.000000
0.999610 -0.023827 0.014557 20.422262 0.025504 0.991355 -0.128702 9.562843 -0.011365 0.129023 0.991577 2091.609863 0.000000 0.000000 0.000000 1.000000
0.999424 0.014170 0.030825 19.180704 -0.010770 0.994113 -0.107812 8.894949 -0.032172 0.107418 0.993693 2093.657715 0.000000 0.000000 0.000000 1.000000
0.999957 -0.004543 0.008132 17.525444 0.005364 0.994569 -0.103938 8.297863 -0.007615 0.103978 0.994550 2095.654785 0.000000 0.000000 0.000000 1.000000
0.999102 -0.032805 0.026820 15.901129 0.035335 0.994353 -0.100069 7.785920 -0.023386 0.100927 0.994619 2097.367188 0.000000 0.000000 0.000000 1.000000
0.998648 -0.050595 0.011949 14.322432 0.051523 0.993864 -0.097876 7.352569 -0.006924 0.098360 0.995127 2098.816650 0.000000 0.000000 0.000000 1.000000
0.998508 -0.049633 0.022785 12.804028 0.051585 0.994128 -0.095122 6.991261 -0.017930 0.096155 0.995205 2100.025146 0.000000 0.000000 0.000000 1.000000
0.998638 -0.050705 0.012292 11.360589 0.051637 0.994248 -0.093837 6.695447 -0.007464 0.094344 0.995512 2101.014404 0.000000 0.000000 0.000000 1.000000
0.998561 -0.050106 0.019097 10.006791 0.051658 0.994419 -0.091993 6.458578 -0.014381 0.092847 0.995577 2101.806641 0.000000 0.000000 0.000000 1.000000
0.998630 -0.050700 0.012959 8.757308 0.051673 0.994498 -0.091120 6.274104 -0.008268 0.091664 0.995756 2102.423828 0.000000 0.000000 0.000000 1.000000
0.998592 -0.050375 0.016641 7.626814 0.051674 0.994600 -0.090006 6.135475 -0.012017 0.090739 0.995802 2102.887451 0.000000 0.000000 0.000000 1.000000
0.998624 -0.050664 0.013541 6.629982 0.051676 0.994647 -0.089478 6.036142 -0.008936 0.090054 0.995897 2103.219727 0.000000 0.000000 0.000000 1.000000
0.998608 -0.050531 0.015106 5.781487 0.051678 0.994698 -0.088908 5.969557 -0.010533 0.089565 0.995925 2103.442383 0.000000 0.000000 0.000000 1.000000
0.998619 -0.050650 0.013941 5.096003 0.051690 0.994721 -0.088647 5.929169 -0.009377 0.089245 0.995966 2103.577393 0.000000 0.000000 0.000000 1.000000
0.998614 -0.050640 0.014349 4.588203 0.051715 0.994738 -0.088438 5.908430 -0.009795 0.089057 0.995978 2103.646729 0.000000 0.000000 0.000000 1.000000
0.998613 -0.050703 0.014153 4.272762 0.051759 0.994743 -0.088360 5.900789 -0.009599 0.088970 0.995988 2103.672363 0.000000 0.000000 0.000000 1.000000
0.998610 -0.050770 0.014183 4.164354 0.051828 0.994742 -0.088335 5.899697 -0.009624 0.088948 0.995990 2103.676025 0.000000 0.000000 0.000000 1.000000
0.998496 -0.051773 0.018039 9.002633 0.053188 0.994548 -0.089690 10.215709 -0.013298 0.090515 0.995806 2084.330811 0.000000 0.000000 0.000000 1.000000
0.998013 -0.053933 0.032578 22.257799 0.056758 0.994035 -0.093127 22.040047 -0.027361 0.094791 0.995121 2031.331787 0.000000 0.000000 0.000000 1.000000
0.996847 -0.056767 0.055445 42.040348 0.062012 0.993253 -0.097992 39.687168 -0.049508 0.101121 0.993641 1952.233765 0.000000 0.000000 0.000000 1.000000
0.994649 -0.059776 0.084263 66.460770 0.068411 0.992261 -0.103626 61.471535 -0.077416 0.108836 0.991041 1854.591797 0.000000 0.000000 0.000000 1.000000
0.991204 -0.062543 0.116628 93.629570 0.075414 0.991129 -0.109432 85.707596 -0.108749 0.117265 0.987128 1745.960938 0.000000 0.000000 0.000000 1.000000
0.986542 -0.064782 0.150127 121.657234 0.082494 0.989943 -0.114925 110.709816 -0.141172 0.125763 0.981964 1633.895874 0.000000 0.000000 0.000000 1.000000
0.980988 -0.066366 0.182365 148.654251 0.089155 0.988793 -0.119747 134.792648 -0.172375 0.133729 0.975912 1525.951782 0.000000 0.000000 0.000000 1.000000
0.975165 -0.067320 0.210999 172.731140 0.094949 0.987771 -0.123669 156.270554 -0.200093 0.140632 0.969632 1429.683472 0.000000 0.000000 0.000000 1.000000
0.969931 -0.067789 0.233749 191.998367 0.099479 0.986958 -0.126560 173.457977 -0.222121 0.146008 0.964025 1352.645996 0.000000 0.000000 0.000000 1.000000
0.966272 -0.067977 0.248391 204.566437 0.102387 0.986431 -0.128341 184.669388 -0.236296 0.149444 0.960120 1302.394165 0.000000 0.000000 0.000000 1.000000
0.963937 -0.068062 0.257281 212.324860 0.104167 0.986105 -0.129405 191.590332 -0.244898 0.151539 0.957633 1271.373047 0.000000 0.000000 0.000000 1.000000
0.962010 -0.068101 0.264384 218.537323 0.105579 0.985846 -0.130233 197.132202 -0.251773 0.153199 0.955584 1246.533325 0.000000 0.000000 0.000000 1.000000
0.960475 -0.068112 0.269906 223.375610 0.106672 0.985645 -0.130863 201.448212 -0.257118 0.154482 0.953953 1227.188110 0.000000 0.000000 0.000000 1.000000
0.959301 -0.068111 0.274049 227.011475 0.107488 0.985495 -0.131327 204.691605 -0.261129 0.155439 0.952707 1212.650513 0.000000 0.000000 0.000000 1.000000
0.958449 -0.068104 0.277015 229.616699 0.108070 0.985387 -0.131655 207.015610 -0.264001 0.156122 0.951803 1202.233887 0.000000 0.000000 0.000000 1.000000
0.957873 -0.068097 0.279002 231.363052 0.108459 0.985315 -0.131873 208.573456 -0.265925 0.156578 0.951193 1195.251343 0.000000 0.000000 0.000000 1.000000
0.957522 -0.068092 0.280206 232.422333 0.108695 0.985272 -0.132005 209.518387 -0.267091 0.156854 0.950820 1191.015991 0.000000 0.000000 0.000000 1.000000
0.957341 -0.068089 0.280825 232.966278 0.108815 0.985249 -0.132072 210.003616 -0.267690 0.156996 0.950628 1188.841064 0.000000 0.000000 0.000000 1.000000
0.957274 -0.068088 0.281052 233.166672 0.108860 0.985241 -0.132096 210.182388 -0.267910 0.157048 0.950558 1188.039795 0.000000 0.000000 0.000000 1.000000
