<?xml version="1.0" encoding="utf-8"?>
<COLLADA xmlns="http://www.collada.org/2005/11/COLLADASchema" version="1.4.1">
  <asset>
    <contributor>
      <author/>
      <authoring_tool>FBX COLLADA exporter</authoring_tool>
      <comments/>
    </contributor>
    <created>2024-01-19T03:06:16Z</created>
    <keywords/>
    <modified>2024-01-19T03:06:16Z</modified>
    <revision/>
    <subject/>
    <title/>
    <unit meter="0.010000" name="centimeter"/>
    <up_axis>Y_UP</up_axis>
  </asset>
  <library_animations>
    <animation id="root-anim" name="root">
      <animation>
        <source id="root-Matrix-animation-input">
          <float_array id="root-Matrix-animation-input-array" count="64">

0.000000 0.033333 0.066667 0.100000 0.133333 0.166667 0.200000 0.233333 0.266667 0.300000 0.333333 0.366667 0.400000 0.433333 0.466667 0.500000
0.533333 0.566667 0.600000 0.633333 0.666667 0.700000 0.733333 0.766667 0.800000 0.833333 0.866667 0.900000 0.933333 0.966667 1.000000 1.033333
1.066667 1.100000 1.133333 1.166667 1.200000 1.233333 1.266667 1.300000 1.333333 1.366667 1.400000 1.433333 1.466667 1.500000 1.533333 1.566667
1.600000 1.633333 1.666667 1.700000 1.733333 1.766667 1.800000 1.833333 1.866667 1.900000 1.933333 1.966667 2.000000 2.033333 2.066667 2.100000</float_array>
          <technique_common>
            <accessor source="#root-Matrix-animation-input-array" count="64">
              <param name="TIME" type="float"/>
            </accessor>
          </technique_common>
        </source>
        <source id="root-Matrix-animation-output-transform">
          <float_array id="root-Matrix-animation-output-transform-array" count="1024">

1.000000 0.000000 0.000000 0.000000 0.000000 0.000000 1.000000 0.000000 0.000000 -1.000000 0.000000 0.000000 0.000000 0.000000 0.000000 1.000000
1.000000 0.000000 0.000000 0.000000 0.000000 0.000000 1.000000 0.000000 0.000000 -1.000000 0.000000 0.000000 0.000000 0.000000 0.000000 1.000000
1.000000 0.000000 0.000000 0.000000 0.000000 0.000000 1.000000 0.000000 0.000000 -1.000000 0.000000 0.000000 0.000000 0.000000 0.000000 1.000000
1.000000 0.000000 0.000000 0.000000 0.000000 0.000000 1.000000 0.000000 0.000000 -1.000000 0.000000 0.000000 0.000000 0.000000 0.000000 1.000000
1.000000 0.000000 0.000000 0.000000 0.000000 0.000000 1.000000 0.000000 0.000000 -1.000000 0.000000 0.000000 0.000000 0.000000 0.000000 1.000000
1.000000 0.000000 0.000000 0.000000 0.000000 0.000000 1.000000 0.000000 0.000000 -1.000000 0.000000 0.000000 0.000000 0.000000 0.000000 1.000000
1.000000 0.000000 0.000000 0.000000 0.000000 0.000000 1.000000 0.000000 0.000000 -1.000000 0.000000 0.000000 0.000000 0.000000 0.000000 1.000000
1.000000 0.000000 0.000000 0.000000 0.000000 0.000000 1.000000 0.000000 0.000000 -1.000000 0.000000 0.000000 0.000000 0.000000 0.000000 1.000000
1.000000 0.000000 0.000000 0.000000 0.000000 0.000000 1.000000 0.000000 0.000000 -1.000000 0.000000 0.000000 0.000000 0.000000 0.000000 1.000000
1.000000 0.000000 0.000000 0.000000 0.000000 0.000000 1.000000 0.000000 0.000000 -1.000000 0.000000 0.000000 0.000000 0.000000 0.000000 1.000000
1.000000 0.000000 0.000000 0.000000 0.000000 0.000000 1.000000 0.000000 0.000000 -1.000000 0.000000 0.000000 0.000000 0.000000 0.000000 1.000000
1.000000 0.000000 0.000000 0.000000 0.000000 0.000000 1.000000 0.000000 0.000000 -1.000000 0.000000 0.000000 0.000000 0.000000 0.000000 1.000000
1.000000 0.000000 0.000000 0.000000 0.000000 0.000000 1.000000 0.000000 0.000000 -1.000000 0.000000 0.000000 0.000000 0.000000 0.000000 1.000000
1.000000 0.000000 0.000000 0.000000 0.000000 0.000000 1.000000 0.000000 0.000000 -1.000000 0.000000 0.000000 0.000000 0.000000 0.000000 1.000000
1.000000 0.000000 0.000000 0.000000 0.000000 0.000000 1.000000 0.000000 0.000000 -1.000000 0.000000 0.000000 0.000000 0.000000 0.000000 1.000000
1.000000 0.000000 0.000000 0.000000 0.000000 0.000000 1.000000 0.000000 0.000000 -1.000000 0.000000 0.000000 0.000000 0.000000 0.000000 1.000000
1.000000 0.000000 0.000000 0.000000 0.000000 0.000000 1.000000 0.000000 0.000000 -1.000000 0.000000 0.000000 0.000000 0.000000 0.000000 1.000000
1.000000 0.000000 0.000000 0.000000 0.000000 0.000000 1.000000 0.000000 0.000000 -1.000000 0.000000 0.000000 0.000000 0.000000 0.000000 1.000000
1.000000 0.000000 0.000000 0.000000 0.000000 0.000000 1.000000 0.000000 0.000000 -1.000000 0.000000 0.000000 0.000000 0.000000 0.000000 1.000000
1.000000 0.000000 0.000000 0.000000 0.000000 0.000000 1.000000 0.000000 0.000000 -1.000000 0.000000 0.000000 0.000000 0.000000 0.000000 1.000000
1.000000 0.000000 0.000000 0.000000 0.000000 0.000000 1.000000 0.000000 0.000000 -1.000000 0.000000 0.000000 0.000000 0.000000 0.000000 1.000000
1.000000 0.000000 0.000000 0.000000 0.000000 0.000000 1.000000 0.000000 0.000000 -1.000000 0.000000 0.000000 0.000000 0.000000 0.000000 1.000000
1.000000 0.000000 0.000000 0.000000 0.000000 0.000000 1.000000 0.000000 0.000000 -1.000000 0.000000 0.000000 0.000000 0.000000 0.000000 1.000000
1.000000 0.000000 0.000000 0.000000 0.000000 0.000000 1.000000 0.000000 0.000000 -1.000000 0.000000 0.000000 0.000000 0.000000 0.000000 1.000000
1.000000 0.000000 0.000000 0.000000 0.000000 0.000000 1.000000 0.000000 0.000000 -1.000000 0.000000 0.000000 0.000000 0.000000 0.000000 1.000000
1.000000 0.000000 0.000000 0.000000 0.000000 0.000000 1.000000 0.000000 0.000000 -1.000000 0.000000 0.000000 0.000000 0.000000 0.000000 1.000000
1.000000 0.000000 0.000000 0.000000 0.000000 0.000000 1.000000 0.000000 0.000000 -1.000000 0.000000 0.000000 0.000000 0.000000 0.000000 1.000000
1.000000 0.000000 0.000000 0.000000 0.000000 0.000000 1.000000 0.000000 0.000000 -1.000000 0.000000 0.000000 0.000000 0.000000 0.000000 1.000000
1.000000 0.000000 0.000000 0.000000 0.000000 0.000000 1.000000 0.000000 0.000000 -1.000000 0.000000 0.000000 0.000000 0.000000 0.000000 1.000000
1.000000 0.000000 0.000000 0.000000 0.000000 0.000000 1.000000 0.000000 0.000000 -1.000000 0.000000 0.000000 0.000000 0.000000 0.000000 1.000000
1.000000 0.000000 0.000000 0.000000 0.000000 0.000000 1.000000 0.000000 0.000000 -1.000000 0.000000 0.000000 0.000000 0.000000 0.000000 1.000000
1.000000 0.000000 0.000000 0.000000 0.000000 0.000000 1.000000 0.000000 0.000000 -1.000000 0.000000 0.000000 0.000000 0.000000 0.000000 1.000000
1.000000 0.000000 0.000000 0.000000 0.000000 0.000000 1.000000 0.000000 0.000000 -1.000000 0.000000 0.000000 0.000000 0.000000 0.000000 1.000000
1.000000 0.000000 0.000000 0.000000 0.000000 0.000000 1.000000 0.000000 0.000000 -1.000000 0.000000 0.000000 0.000000 0.000000 0.000000 1.000000
1.000000 0.000000 0.000000 0.000000 0.000000 0.000000 1.000000 0.000000 0.000000 -1.000000 0.000000 0.000000 0.000000 0.000000 0.000000 1.000000
1.000000 0.000000 0.000000 0.000000 0.000000 0.000000 1.000000 0.000000 0.000000 -1.000000 0.000000 0.000000 0.000000 0.000000 0.000000 1.000000
1.000000 0.000000 0.000000 0.000000 0.000000 0.000000 1.000000 0.000000 0.000000 -1.000000 0.000000 0.000000 0.000000 0.000000 0.000000 1.000000
1.000000 0.000000 0.000000 0.000000 0.000000 0.000000 1.000000 0.000000 0.000000 -1.000000 0.000000 0.000000 0.000000 0.000000 0.000000 1.000000
1.000000 0.000000 0.000000 0.000000 0.000000 0.000000 1.000000 0.000000 0.000000 -1.000000 0.000000 0.000000 0.000000 0.000000 0.000000 1.000000
1.000000 0.000000 0.000000 0.000000 0.000000 0.000000 1.000000 0.000000 0.000000 -1.000000 0.000000 0.000000 0.000000 0.000000 0.000000 1.000000
1.000000 0.000000 0.000000 0.000000 0.000000 0.000000 1.000000 0.000000 0.000000 -1.000000 0.000000 0.000000 0.000000 0.000000 0.000000 1.000000
1.000000 0.000000 0.000000 0.000000 0.000000 0.000000 1.000000 0.000000 0.000000 -1.000000 0.000000 0.000000 0.000000 0.000000 0.000000 1.000000
1.000000 0.000000 0.000000 0.000000 0.000000 0.000000 1.000000 0.000000 0.000000 -1.000000 0.000000 0.000000 0.000000 0.000000 0.000000 1.000000
1.000000 0.000000 0.000000 0.000000 0.000000 0.000000 1.000000 0.000000 0.000000 -1.000000 0.000000 0.000000 0.000000 0.000000 0.000000 1.000000
1.000000 0.000000 0.000000 0.000000 0.000000 0.000000 1.000000 0.000000 0.000000 -1.000000 0.000000 0.000000 0.000000 0.000000 0.000000 1.000000
1.000000 0.000000 0.000000 0.000000 0.000000 0.000000 1.000000 0.000000 0.000000 -1.000000 0.000000 0.000000 0.000000 0.000000 0.000000 1.000000
1.000000 0.000000 0.000000 0.000000 0.000000 0.000000 1.000000 0.000000 0.000000 -1.000000 0.000000 0.000000 0.000000 0.000000 0.000000 1.000000
1.000000 0.000000 0.000000 0.000000 0.000000 0.000000 1.000000 0.000000 0.000000 -1.000000 0.000000 0.000000 0.000000 0.000000 0.000000 1.000000
1.000000 0.000000 0.000000 0.000000 0.000000 0.000000 1.000000 0.000000 0.000000 -1.000000 0.000000 0.000000 0.000000 0.000000 0.000000 1.000000
1.000000 0.000000 0.000000 0.000000 0.000000 0.000000 1.000000 0.000000 0.000000 -1.000000 0.000000 0.000000 0.000000 0.000000 0.000000 1.000000
1.000000 0.000000 0.000000 0.000000 0.000000 0.000000 1.000000 0.000000 0.000000 -1.000000 0.000000 0.000000 0.000000 0.000000 0.000000 1.000000
1.000000 0.000000 0.000000 0.000000 0.000000 0.000000 1.000000 0.000000 0.000000 -1.000000 0.000000 0.000000 0.000000 0.000000 0.000000 1.000000
1.000000 0.000000 0.000000 0.000000 0.000000 0.000000 1.000000 0.000000 0.000000 -1.000000 0.000000 0.000000 0.000000 0.000000 0.000000 1.000000
1.000000 0.000000 0.000000 0.000000 0.000000 0.000000 1.000000 0.000000 0.000000 -1.000000 0.000000 0.000000 0.000000 0.000000 0.000000 1.000000
1.000000 0.000000 0.000000 0.000000 0.000000 0.000000 1.000000 0.000000 0.000000 -1.000000 0.000000 0.000000 0.000000 0.000000 0.000000 1.000000
1.000000 0.000000 0.000000 0.000000 0.000000 0.000000 1.000000 0.000000 0.000000 -1.000000 0.000000 0.000000 0.000000 0.000000 0.000000 1.000000
1.000000 0.000000 0.000000 0.000000 0.000000 0.000000 1.000000 0.000000 0.000000 -1.000000 0.000000 0.000000 0.000000 0.000000 0.000000 1.000000
1.000000 0.000000 0.000000 0.000000 0.000000 0.000000 1.000000 0.000000 0.000000 -1.000000 0.000000 0.000000 0.000000 0.000000 0.000000 1.000000
1.000000 0.000000 0.000000 0.000000 0.000000 0.000000 1.000000 0.000000 0.000000 -1.000000 0.000000 0.000000 0.000000 0.000000 0.000000 1.000000
1.000000 0.000000 0.000000 0.000000 0.000000 0.000000 1.000000 0.000000 0.000000 -1.000000 0.000000 0.000000 0.000000 0.000000 0.000000 1.000000
1.000000 0.000000 0.000000 0.000000 0.000000 0.000000 1.000000 0.000000 0.000000 -1.000000 0.000000 0.000000 0.000000 0.000000 0.000000 1.000000
1.000000 0.000000 0.000000 0.000000 0.000000 0.000000 1.000000 0.000000 0.000000 -1.000000 0.000000 0.000000 0.000000 0.000000 0.000000 1.000000
1.000000 0.000000 0.000000 0.000000 0.000000 0.000000 1.000000 0.000000 0.000000 -1.000000 0.000000 0.000000 0.000000 0.000000 0.000000 1.000000
1.000000 0.000000 0.000000 0.000000 0.000000 0.000000 1.000000 0.000000 0.000000 -1.000000 0.000000 0.000000 0.000000 0.000000 0.000000 1.000000</float_array>
          <technique_common>
            <accessor source="#root-Matrix-animation-output-transform-array" count="64" stride="16">
              <param type="float4x4"/>
            </accessor>
          </technique_common>
        </source>
        <source id="root-Interpolations">
          <Name_array id="root-Interpolations-array" count="64">
 LINEAR LINEAR LINEAR LINEAR LINEAR LINEAR LINEAR LINEAR LINEAR LINEAR LINEAR
LINEAR LINEAR LINEAR LINEAR LINEAR LINEAR LINEAR LINEAR LINEAR LINEAR LINEAR LINEAR
LINEAR LINEAR LINEAR LINEAR LINEAR LINEAR LINEAR LINEAR LINEAR LINEAR LINEAR LINEAR
LINEAR LINEAR LINEAR LINEAR LINEAR LINEAR LINEAR LINEAR LINEAR LINEAR LINEAR LINEAR
LINEAR LINEAR LINEAR LINEAR LINEAR LINEAR LINEAR LINEAR LINEAR LINEAR LINEAR LINEAR
LINEAR LINEAR LINEAR LINEAR LINEAR</Name_array>
          <technique_common>
            <accessor source="#root-Interpolations-array" count="64">
              <param type="name"/>
            </accessor>
          </technique_common>
        </source>
        <sampler id="root-Matrix-animation-transform">
          <input semantic="INPUT" source="#root-Matrix-animation-input"/>
          <input semantic="OUTPUT" source="#root-Matrix-animation-output-transform"/>
          <input semantic="INTERPOLATION" source="#root-Interpolations"/>
        </sampler>
        <channel source="#root-Matrix-animation-transform" target="root/matrix"/>
      </animation>
    </animation>
    <animation id="bone_FL_leg-anim" name="bone_FL_leg">
      <animation>
        <source id="bone_FL_leg-Matrix-animation-input">
          <float_array id="bone_FL_leg-Matrix-animation-input-array" count="64">

0.000000 0.033333 0.066667 0.100000 0.133333 0.166667 0.200000 0.233333 0.266667 0.300000 0.333333 0.366667 0.400000 0.433333 0.466667 0.500000
0.533333 0.566667 0.600000 0.633333 0.666667 0.700000 0.733333 0.766667 0.800000 0.833333 0.866667 0.900000 0.933333 0.966667 1.000000 1.033333
1.066667 1.100000 1.133333 1.166667 1.200000 1.233333 1.266667 1.300000 1.333333 1.366667 1.400000 1.433333 1.466667 1.500000 1.533333 1.566667
1.600000 1.633333 1.666667 1.700000 1.733333 1.766667 1.800000 1.833333 1.866667 1.900000 1.933333 1.966667 2.000000 2.033333 2.066667 2.100000</float_array>
          <technique_common>
            <accessor source="#bone_FL_leg-Matrix-animation-input-array" count="64">
              <param name="TIME" type="float"/>
            </accessor>
          </technique_common>
        </source>
        <source id="bone_FL_leg-Matrix-animation-output-transform">
          <float_array id="bone_FL_leg-Matrix-animation-output-transform-array" count="1024">

-0.034690 0.219830 -0.974921 59.228642 0.539660 -0.816940 -0.203410 -111.920403 -0.841168 -0.533183 -0.090293 73.775261 0.000000 0.000000 0.000000 1.000000
-0.048441 0.209058 -0.976703 60.175819 0.608577 -0.769205 -0.194827 -115.784500 -0.792014 -0.603837 -0.089967 70.779823 0.000000 0.000000 0.000000 1.000000
-0.050406 0.211794 -0.976014 60.609360 0.692876 -0.696412 -0.186904 -120.205704 -0.719292 -0.685678 -0.111644 66.273666 0.000000 0.000000 0.000000 1.000000
-0.046974 0.227785 -0.972578 60.815048 0.771704 -0.609941 -0.180124 -124.141403 -0.634244 -0.759004 -0.147131 60.960629 0.000000 0.000000 0.000000 1.000000
-0.044904 0.251884 -0.966715 61.102581 0.835673 -0.520767 -0.174506 -127.217102 -0.547388 -0.815694 -0.187108 55.516151 0.000000 0.000000 0.000000 1.000000
-0.049966 0.274145 -0.960389 61.722118 0.883466 -0.436358 -0.170523 -129.517105 -0.465822 -0.856992 -0.220395 50.432030 0.000000 0.000000 0.000000 1.000000
-0.067534 0.279758 -0.957692 62.897732 0.917544 -0.359583 -0.169743 -131.334000 -0.391857 -0.890188 -0.232406 45.928421 0.000000 0.000000 0.000000 1.000000
-0.099385 0.262209 -0.959880 64.638557 0.946841 -0.271700 -0.172254 -133.352295 -0.305966 -0.925973 -0.221267 40.917610 0.000000 0.000000 0.000000 1.000000
-0.142071 0.218615 -0.965413 66.646347 0.973478 -0.145825 -0.176280 -135.891006 -0.179319 -0.964853 -0.192100 33.722130 0.000000 0.000000 0.000000 1.000000
-0.182668 0.120233 -0.975795 68.056747 0.982220 0.066037 -0.175734 -138.322998 0.043309 -0.990547 -0.130158 21.008539 0.000000 0.000000 0.000000 1.000000
-0.160998 -0.122909 -0.979272 64.102570 0.927414 0.320572 -0.192707 -140.519104 0.337613 -0.939216 0.062376 4.217644 0.000000 0.000000 0.000000 1.000000
-0.033543 -0.604152 -0.796163 50.728020 0.948223 0.232495 -0.216373 -152.897598 0.315826 -0.762198 0.565073 4.611725 0.000000 0.000000 0.000000 1.000000
-0.403658 -0.833863 -0.376474 62.532421 0.914907 -0.366879 -0.168358 -165.347397 0.002267 -0.412398 0.911001 19.221790 0.000000 0.000000 0.000000 1.000000
-0.770632 -0.626720 -0.115534 70.509079 0.636517 -0.748087 -0.187647 -161.645599 0.031173 -0.218147 0.975418 12.010760 0.000000 0.000000 0.000000 1.000000
-0.779897 -0.613269 -0.125146 71.061836 0.625302 -0.754616 -0.198876 -160.976395 0.027528 -0.233357 0.972001 12.228260 0.000000 0.000000 0.000000 1.000000
-0.796680 -0.592652 -0.118591 72.063103 0.604400 -0.781391 -0.155332 -159.729507 -0.000608 -0.195426 0.980718 13.906790 0.000000 0.000000 0.000000 1.000000
-0.813428 -0.570651 -0.112658 73.062279 0.581456 -0.802939 -0.131141 -158.360596 -0.015622 -0.172180 0.984942 14.802470 0.000000 0.000000 0.000000 1.000000
-0.816978 -0.566668 -0.106930 73.274063 0.576626 -0.804981 -0.139671 -158.072495 -0.006929 -0.175767 0.984407 14.283900 0.000000 0.000000 0.000000 1.000000
-0.813179 -0.573715 -0.097927 73.047417 0.581868 -0.797635 -0.158770 -158.385300 0.012978 -0.186089 0.982447 13.096240 0.000000 0.000000 0.000000 1.000000
-0.811414 -0.578014 -0.086643 72.942108 0.583459 -0.792335 -0.178270 -158.480194 0.034393 -0.195203 0.980159 11.818680 0.000000 0.000000 0.000000 1.000000
-0.822089 -0.563601 -0.080761 73.578987 0.568321 -0.803738 -0.176115 -157.576996 0.034347 -0.190680 0.981051 11.821380 0.000000 0.000000 0.000000 1.000000
-0.832493 -0.548668 -0.076927 74.199677 0.553034 -0.814602 -0.174860 -156.665100 0.033275 -0.188113 0.981583 11.885360 0.000000 0.000000 0.000000 1.000000
-0.837232 -0.541574 -0.075764 74.482353 0.545885 -0.819480 -0.174535 -156.238495 0.032436 -0.187485 0.981732 11.935420 0.000000 0.000000 0.000000 1.000000
-0.837232 -0.541574 -0.075764 74.482353 0.545885 -0.819480 -0.174535 -156.238495 0.032436 -0.187485 0.981732 11.935420 0.000000 0.000000 0.000000 1.000000
-0.837232 -0.541574 -0.075764 74.482353 0.545885 -0.819480 -0.174535 -156.238495 0.032436 -0.187485 0.981732 11.935420 0.000000 0.000000 0.000000 1.000000
-0.837232 -0.541574 -0.075764 74.482353 0.545885 -0.819480 -0.174535 -156.238495 0.032436 -0.187485 0.981732 11.935420 0.000000 0.000000 0.000000 1.000000
-0.837232 -0.541574 -0.075764 74.482353 0.545885 -0.819480 -0.174535 -156.238495 0.032436 -0.187485 0.981732 11.935420 0.000000 0.000000 0.000000 1.000000
-0.837232 -0.541574 -0.075764 74.482353 0.545885 -0.819480 -0.174535 -156.238495 0.032436 -0.187485 0.981732 11.935420 0.000000 0.000000 0.000000 1.000000
-0.837232 -0.541574 -0.075764 74.482353 0.545885 -0.819480 -0.174535 -156.238495 0.032436 -0.187485 0.981732 11.935420 0.000000 0.000000 0.000000 1.000000
-0.837232 -0.541574 -0.075764 74.482353 0.545885 -0.819480 -0.174535 -156.238495 0.032436 -0.187485 0.981732 11.935420 0.000000 0.000000 0.000000 1.000000
-0.837232 -0.541574 -0.075764 74.482353 0.545885 -0.819480 -0.174535 -156.238495 0.032436 -0.187485 0.981732 11.935420 0.000000 0.000000 0.000000 1.000000
-0.837232 -0.541574 -0.075764 74.482353 0.545885 -0.819480 -0.174535 -156.238495 0.032436 -0.187485 0.981732 11.935420 0.000000 0.000000 0.000000 1.000000
-0.837232 -0.541574 -0.075764 74.482353 0.545885 -0.819480 -0.174535 -156.238495 0.032436 -0.187485 0.981732 11.935420 0.000000 0.000000 0.000000 1.000000
-0.837232 -0.541574 -0.075764 74.482353 0.545885 -0.819480 -0.174535 -156.238495 0.032436 -0.187485 0.981732 11.935420 0.000000 0.000000 0.000000 1.000000
-0.837232 -0.541574 -0.075764 74.482353 0.545885 -0.819480 -0.174535 -156.238495 0.032436 -0.187485 0.981732 11.935420 0.000000 0.000000 0.000000 1.000000
-0.837232 -0.541574 -0.075764 74.482353 0.545885 -0.819480 -0.174535 -156.238495 0.032436 -0.187485 0.981732 11.935420 0.000000 0.000000 0.000000 1.000000
-0.837232 -0.541574 -0.075764 74.482353 0.545885 -0.819480 -0.174535 -156.238495 0.032436 -0.187485 0.981732 11.935420 0.000000 0.000000 0.000000 1.000000
-0.837232 -0.541574 -0.075764 74.482353 0.545885 -0.819480 -0.174535 -156.238495 0.032436 -0.187485 0.981732 11.935420 0.000000 0.000000 0.000000 1.000000
-0.837232 -0.541574 -0.075764 74.482353 0.545885 -0.819480 -0.174535 -156.238495 0.032436 -0.187485 0.981732 11.935420 0.000000 0.000000 0.000000 1.000000
-0.837232 -0.541574 -0.075764 74.482353 0.545885 -0.819480 -0.174535 -156.238495 0.032436 -0.187485 0.981732 11.935420 0.000000 0.000000 0.000000 1.000000
-0.837232 -0.541574 -0.075764 74.482353 0.545885 -0.819480 -0.174535 -156.238495 0.032436 -0.187485 0.981732 11.935420 0.000000 0.000000 0.000000 1.000000
-0.837232 -0.541574 -0.075764 74.482353 0.545885 -0.819480 -0.174535 -156.238495 0.032436 -0.187485 0.981732 11.935420 0.000000 0.000000 0.000000 1.000000
-0.837232 -0.541574 -0.075764 74.482353 0.545885 -0.819480 -0.174535 -156.238495 0.032436 -0.187485 0.981732 11.935420 0.000000 0.000000 0.000000 1.000000
-0.837232 -0.541574 -0.075764 74.482353 0.545885 -0.819480 -0.174535 -156.238495 0.032436 -0.187485 0.981732 11.935420 0.000000 0.000000 0.000000 1.000000
-0.837232 -0.541574 -0.075764 74.482353 0.545885 -0.819480 -0.174535 -156.238495 0.032436 -0.187485 0.981732 11.935420 0.000000 0.000000 0.000000 1.000000
-0.837232 -0.541574 -0.075764 74.482353 0.545885 -0.819480 -0.174535 -156.238495 0.032436 -0.187485 0.981732 11.935420 0.000000 0.000000 0.000000 1.000000
-0.837232 -0.541574 -0.075764 74.482353 0.545885 -0.819480 -0.174535 -156.238495 0.032436 -0.187485 0.981732 11.935420 0.000000 0.000000 0.000000 1.000000
-0.837232 -0.541574 -0.075764 74.482353 0.545885 -0.819480 -0.174535 -156.238495 0.032436 -0.187485 0.981732 11.935420 0.000000 0.000000 0.000000 1.000000
-0.837232 -0.541574 -0.075764 74.482353 0.545885 -0.819480 -0.174535 -156.238495 0.032436 -0.187485 0.981732 11.935420 0.000000 0.000000 0.000000 1.000000
-0.837232 -0.541574 -0.075764 74.482353 0.545885 -0.819480 -0.174535 -156.238495 0.032436 -0.187485 0.981732 11.935420 0.000000 0.000000 0.000000 1.000000
-0.837232 -0.541574 -0.075764 74.482353 0.545885 -0.819480 -0.174535 -156.238495 0.032436 -0.187485 0.981732 11.935420 0.000000 0.000000 0.000000 1.000000
-0.837232 -0.541574 -0.075764 74.482353 0.545885 -0.819480 -0.174535 -156.238495 0.032436 -0.187485 0.981732 11.935420 0.000000 0.000000 0.000000 1.000000
-0.837232 -0.541574 -0.075764 74.482353 0.545885 -0.819480 -0.174535 -156.238495 0.032436 -0.187485 0.981732 11.935420 0.000000 0.000000 0.000000 1.000000
-0.837232 -0.541574 -0.075764 74.482353 0.545885 -0.819480 -0.174535 -156.238495 0.032436 -0.187485 0.981732 11.935420 0.000000 0.000000 0.000000 1.000000
-0.837232 -0.541574 -0.075764 74.482353 0.545885 -0.819480 -0.174535 -156.238495 0.032436 -0.187485 0.981732 11.935420 0.000000 0.000000 0.000000 1.000000
-0.837232 -0.541574 -0.075764 74.482353 0.545885 -0.819480 -0.174535 -156.238495 0.032436 -0.187485 0.981732 11.935420 0.000000 0.000000 0.000000 1.000000
-0.837232 -0.541574 -0.075764 74.482353 0.545885 -0.819480 -0.174535 -156.238495 0.032436 -0.187485 0.981732 11.935420 0.000000 0.000000 0.000000 1.000000
-0.837232 -0.541574 -0.075764 74.482353 0.545885 -0.819480 -0.174535 -156.238495 0.032436 -0.187485 0.981732 11.935420 0.000000 0.000000 0.000000 1.000000
-0.837232 -0.541574 -0.075764 74.482353 0.545885 -0.819480 -0.174535 -156.238495 0.032436 -0.187485 0.981732 11.935420 0.000000 0.000000 0.000000 1.000000
-0.837232 -0.541574 -0.075764 74.482353 0.545885 -0.819480 -0.174535 -156.238495 0.032436 -0.187485 0.981732 11.935420 0.000000 0.000000 0.000000 1.000000
-0.837232 -0.541574 -0.075764 74.482353 0.545885 -0.819480 -0.174535 -156.238495 0.032436 -0.187485 0.981732 11.935420 0.000000 0.000000 0.000000 1.000000
-0.837232 -0.541574 -0.075764 74.482353 0.545885 -0.819480 -0.174535 -156.238495 0.032436 -0.187485 0.981732 11.935420 0.000000 0.000000 0.000000 1.000000
-0.837232 -0.541574 -0.075764 74.482353 0.545885 -0.819480 -0.174535 -156.238495 0.032436 -0.187485 0.981732 11.935420 0.000000 0.000000 0.000000 1.000000
-0.837232 -0.541574 -0.075764 74.482353 0.545885 -0.819480 -0.174535 -156.238495 0.032436 -0.187485 0.981732 11.935420 0.000000 0.000000 0.000000 1.000000</float_array>
          <technique_common>
            <accessor source="#bone_FL_leg-Matrix-animation-output-transform-array" count="64" stride="16">
              <param type="float4x4"/>
            </accessor>
          </technique_common>
        </source>
        <source id="bone_FL_leg-Interpolations">
          <Name_array id="bone_FL_leg-Interpolations-array" count="64">
 LINEAR LINEAR LINEAR LINEAR LINEAR LINEAR LINEAR LINEAR LINEAR LINEAR LINEAR
LINEAR LINEAR LINEAR LINEAR LINEAR LINEAR LINEAR LINEAR LINEAR LINEAR LINEAR LINEAR
LINEAR LINEAR LINEAR LINEAR LINEAR LINEAR LINEAR LINEAR LINEAR LINEAR LINEAR LINEAR
LINEAR LINEAR LINEAR LINEAR LINEAR LINEAR LINEAR LINEAR LINEAR LINEAR LINEAR LINEAR
LINEAR LINEAR LINEAR LINEAR LINEAR LINEAR LINEAR LINEAR LINEAR LINEAR LINEAR LINEAR
LINEAR LINEAR LINEAR LINEAR LINEAR</Name_array>
          <technique_common>
            <accessor source="#bone_FL_leg-Interpolations-array" count="64">
              <param type="name"/>
            </accessor>
          </technique_common>
        </source>
        <sampler id="bone_FL_leg-Matrix-animation-transform">
          <input semantic="INPUT" source="#bone_FL_leg-Matrix-animation-input"/>
          <input semantic="OUTPUT" source="#bone_FL_leg-Matrix-animation-output-transform"/>
          <input semantic="INTERPOLATION" source="#bone_FL_leg-Interpolations"/>
        </sampler>
        <channel source="#bone_FL_leg-Matrix-animation-transform" target="bone_FL_leg/matrix"/>
      </animation>
    </animation>
    <animation id="bone_RR_leg-anim" name="bone_RR_leg">
      <animation>
        <source id="bone_RR_leg-Matrix-animation-input">
          <float_array id="bone_RR_leg-Matrix-animation-input-array" count="64">

0.000000 0.033333 0.066667 0.100000 0.133333 0.166667 0.200000 0.233333 0.266667 0.300000 0.333333 0.366667 0.400000 0.433333 0.466667 0.500000
0.533333 0.566667 0.600000 0.633333 0.666667 0.700000 0.733333 0.766667 0.800000 0.833333 0.866667 0.900000 0.933333 0.966667 1.000000 1.033333
1.066667 1.100000 1.133333 1.166667 1.200000 1.233333 1.266667 1.300000 1.333333 1.366667 1.400000 1.433333 1.466667 1.500000 1.533333 1.566667
1.600000 1.633333 1.666667 1.700000 1.733333 1.766667 1.800000 1.833333 1.866667 1.900000 1.933333 1.966667 2.000000 2.033333 2.066667 2.100000</float_array>
          <technique_common>
            <accessor source="#bone_RR_leg-Matrix-animation-input-array" count="64">
              <param name="TIME" type="float"/>
            </accessor>
          </technique_common>
        </source>
        <source id="bone_RR_leg-Matrix-animation-output-transform">
          <float_array id="bone_RR_leg-Matrix-animation-output-transform-array" count="1024">

-0.093974 0.052329 0.994198 -38.950001 -0.529567 0.842996 -0.094427 62.884159 -0.843047 -0.535368 -0.051508 76.354111 0.000000 0.000000 0.000000 1.000000
-0.102314 0.038578 0.994004 -38.511139 -0.572304 0.815028 -0.090540 65.712280 -0.813634 -0.578136 -0.061310 74.456612 0.000000 0.000000 0.000000 1.000000
-0.103940 0.031992 0.994069 -38.681931 -0.603582 0.792361 -0.088612 67.775787 -0.790496 -0.609213 -0.063048 73.045036 0.000000 0.000000 0.000000 1.000000
-0.103045 0.028723 0.994262 -39.088871 -0.629510 0.772045 -0.087545 69.484543 -0.770129 -0.634919 -0.061474 71.837677 0.000000 0.000000 0.000000 1.000000
-0.103109 0.024430 0.994370 -39.402210 -0.653904 0.751642 -0.086272 71.094437 -0.749518 -0.659118 -0.061526 70.592819 0.000000 0.000000 0.000000 1.000000
-0.107092 0.014369 0.994145 -39.323341 -0.679555 0.728830 -0.083738 72.791313 -0.725766 -0.684544 -0.068287 69.085388 0.000000 0.000000 0.000000 1.000000
-0.117504 -0.006738 0.993050 -38.582699 -0.708027 0.701751 -0.079017 74.679123 -0.696341 -0.712390 -0.087229 67.117264 0.000000 0.000000 0.000000 1.000000
-0.136577 -0.044913 0.989611 -36.933128 -0.738903 0.670000 -0.071569 76.733177 -0.659825 -0.741001 -0.124693 64.553200 0.000000 0.000000 0.000000 1.000000
-0.166968 -0.106762 0.980165 -34.112160 -0.768833 0.636471 -0.061642 78.741951 -0.617266 -0.763875 -0.188353 61.390160 0.000000 0.000000 0.000000 1.000000
-0.268329 -0.247725 0.930930 -32.953491 -0.786771 0.613981 -0.063394 82.353668 -0.555869 -0.749440 -0.359652 59.815109 0.000000 0.000000 0.000000 1.000000
-0.410549 -0.449374 0.793419 -27.856461 -0.798588 0.597189 -0.074990 87.332672 -0.440122 -0.664401 -0.604039 62.673409 0.000000 0.000000 0.000000 1.000000
-0.531483 -0.631897 0.564120 -12.854570 -0.801636 0.590386 -0.093937 93.762337 -0.273690 -0.502145 -0.820332 68.766907 0.000000 0.000000 0.000000 1.000000
-0.595624 -0.741313 0.309334 12.255390 -0.797017 0.593345 -0.112721 101.044403 -0.099980 -0.313683 -0.944249 72.336617 0.000000 0.000000 0.000000 1.000000
-0.611737 -0.780426 0.129278 40.419151 -0.790842 0.599498 -0.123170 107.919502 0.018623 -0.177586 -0.983929 67.813919 0.000000 0.000000 0.000000 1.000000
-0.609051 -0.780001 0.143720 42.752201 -0.793100 0.597346 -0.119039 111.638298 0.007000 -0.186485 -0.982433 66.160072 0.000000 0.000000 0.000000 1.000000
-0.586206 -0.749711 0.307078 43.705349 -0.803444 0.586679 -0.101421 113.513100 -0.104119 -0.306173 -0.946265 52.978470 0.000000 0.000000 0.000000 1.000000
-0.546153 -0.705269 0.452010 47.145771 -0.812284 0.577750 -0.080004 114.912903 -0.204724 -0.410855 -0.888418 41.509109 0.000000 0.000000 0.000000 1.000000
-0.520764 -0.683502 0.511497 51.366928 -0.816128 0.574386 -0.063374 116.723701 -0.250481 -0.450450 -0.856945 37.266190 0.000000 0.000000 0.000000 1.000000
-0.507192 -0.672272 0.539264 55.487869 -0.816455 0.575164 -0.050870 119.030296 -0.275967 -0.466086 -0.840599 35.689529 0.000000 0.000000 0.000000 1.000000
-0.523223 -0.667075 0.530329 56.550251 -0.803048 0.594225 -0.044840 118.141800 -0.285224 -0.449341 -0.846605 36.303051 0.000000 0.000000 0.000000 1.000000
-0.523223 -0.667075 0.530329 56.550251 -0.803048 0.594225 -0.044840 118.141800 -0.285224 -0.449341 -0.846605 36.303051 0.000000 0.000000 0.000000 1.000000
-0.523223 -0.667075 0.530329 56.550251 -0.803048 0.594225 -0.044840 118.141800 -0.285224 -0.449341 -0.846605 36.303051 0.000000 0.000000 0.000000 1.000000
-0.523223 -0.667075 0.530329 56.550251 -0.803048 0.594225 -0.044840 118.141800 -0.285224 -0.449341 -0.846605 36.303051 0.000000 0.000000 0.000000 1.000000
-0.523223 -0.667075 0.530329 56.550251 -0.803048 0.594225 -0.044840 118.141800 -0.285224 -0.449341 -0.846605 36.303051 0.000000 0.000000 0.000000 1.000000
-0.523223 -0.667075 0.530329 56.550251 -0.803048 0.594225 -0.044840 118.141800 -0.285224 -0.449341 -0.846605 36.303051 0.000000 0.000000 0.000000 1.000000
-0.523223 -0.667075 0.530329 56.550251 -0.803048 0.594225 -0.044840 118.141800 -0.285224 -0.449341 -0.846605 36.303051 0.000000 0.000000 0.000000 1.000000
-0.523223 -0.667075 0.530329 56.550251 -0.803048 0.594225 -0.044840 118.141800 -0.285224 -0.449341 -0.846605 36.303051 0.000000 0.000000 0.000000 1.000000
-0.523223 -0.667075 0.530329 56.550251 -0.803048 0.594225 -0.044840 118.141800 -0.285224 -0.449341 -0.846605 36.303051 0.000000 0.000000 0.000000 1.000000
-0.523223 -0.667075 0.530329 56.550251 -0.803048 0.594225 -0.044840 118.141800 -0.285224 -0.449341 -0.846605 36.303051 0.000000 0.000000 0.000000 1.000000
-0.523223 -0.667075 0.530329 56.550251 -0.803048 0.594225 -0.044840 118.141800 -0.285224 -0.449341 -0.846605 36.303051 0.000000 0.000000 0.000000 1.000000
-0.523223 -0.667075 0.530329 56.550251 -0.803048 0.594225 -0.044840 118.141800 -0.285224 -0.449341 -0.846605 36.303051 0.000000 0.000000 0.000000 1.000000
-0.523223 -0.667075 0.530329 56.550251 -0.803048 0.594225 -0.044840 118.141800 -0.285224 -0.449341 -0.846605 36.303051 0.000000 0.000000 0.000000 1.000000
-0.523223 -0.667075 0.530329 56.550251 -0.803048 0.594225 -0.044840 118.141800 -0.285224 -0.449341 -0.846605 36.303051 0.000000 0.000000 0.000000 1.000000
-0.523223 -0.667075 0.530329 56.550251 -0.803048 0.594225 -0.044840 118.141800 -0.285224 -0.449341 -0.846605 36.303051 0.000000 0.000000 0.000000 1.000000
-0.523223 -0.667075 0.530329 56.550251 -0.803048 0.594225 -0.044840 118.141800 -0.285224 -0.449341 -0.846605 36.303051 0.000000 0.000000 0.000000 1.000000
-0.523223 -0.667075 0.530329 56.550251 -0.803048 0.594225 -0.044840 118.141800 -0.285224 -0.449341 -0.846605 36.303051 0.000000 0.000000 0.000000 1.000000
-0.523223 -0.667075 0.530329 56.550251 -0.803048 0.594225 -0.044840 118.141800 -0.285224 -0.449341 -0.846605 36.303051 0.000000 0.000000 0.000000 1.000000
-0.523223 -0.667075 0.530329 56.550251 -0.803048 0.594225 -0.044840 118.141800 -0.285224 -0.449341 -0.846605 36.303051 0.000000 0.000000 0.000000 1.000000
-0.523223 -0.667075 0.530329 56.550251 -0.803048 0.594225 -0.044840 118.141800 -0.285224 -0.449341 -0.846605 36.303051 0.000000 0.000000 0.000000 1.000000
-0.523223 -0.667075 0.530329 56.550251 -0.803048 0.594225 -0.044840 118.141800 -0.285224 -0.449341 -0.846605 36.303051 0.000000 0.000000 0.000000 1.000000
-0.523223 -0.667075 0.530329 56.550251 -0.803048 0.594225 -0.044840 118.141800 -0.285224 -0.449341 -0.846605 36.303051 0.000000 0.000000 0.000000 1.000000
-0.523223 -0.667075 0.530329 56.550251 -0.803048 0.594225 -0.044840 118.141800 -0.285224 -0.449341 -0.846605 36.303051 0.000000 0.000000 0.000000 1.000000
-0.523223 -0.667075 0.530329 56.550251 -0.803048 0.594225 -0.044840 118.141800 -0.285224 -0.449341 -0.846605 36.303051 0.000000 0.000000 0.000000 1.000000
-0.523223 -0.667075 0.530329 56.550251 -0.803048 0.594225 -0.044840 118.141800 -0.285224 -0.449341 -0.846605 36.303051 0.000000 0.000000 0.000000 1.000000
-0.523223 -0.667075 0.530329 56.550251 -0.803048 0.594225 -0.044840 118.141800 -0.285224 -0.449341 -0.846605 36.303051 0.000000 0.000000 0.000000 1.000000
-0.523223 -0.667075 0.530329 56.550251 -0.803048 0.594225 -0.044840 118.141800 -0.285224 -0.449341 -0.846605 36.303051 0.000000 0.000000 0.000000 1.000000
-0.523223 -0.667075 0.530329 56.550251 -0.803048 0.594225 -0.044840 118.141800 -0.285224 -0.449341 -0.846605 36.303051 0.000000 0.000000 0.000000 1.000000
-0.523223 -0.667075 0.530329 56.550251 -0.803048 0.594225 -0.044840 118.141800 -0.285224 -0.449341 -0.846605 36.303051 0.000000 0.000000 0.000000 1.000000
-0.523223 -0.667075 0.530329 56.550251 -0.803048 0.594225 -0.044840 118.141800 -0.285224 -0.449341 -0.846605 36.303051 0.000000 0.000000 0.000000 1.000000
-0.523223 -0.667075 0.530329 56.550251 -0.803048 0.594225 -0.044840 118.141800 -0.285224 -0.449341 -0.846605 36.303051 0.000000 0.000000 0.000000 1.000000
-0.523223 -0.667075 0.530329 56.550251 -0.803048 0.594225 -0.044840 118.141800 -0.285224 -0.449341 -0.846605 36.303051 0.000000 0.000000 0.000000 1.000000
-0.523223 -0.667075 0.530329 56.550251 -0.803048 0.594225 -0.044840 118.141800 -0.285224 -0.449341 -0.846605 36.303051 0.000000 0.000000 0.000000 1.000000
-0.523223 -0.667075 0.530329 56.550251 -0.803048 0.594225 -0.044840 118.141800 -0.285224 -0.449341 -0.846605 36.303051 0.000000 0.000000 0.000000 1.000000
-0.523223 -0.667075 0.530329 56.550251 -0.803048 0.594225 -0.044840 118.141800 -0.285224 -0.449341 -0.846605 36.303051 0.000000 0.000000 0.000000 1.000000
-0.523223 -0.667075 0.530329 56.550251 -0.803048 0.594225 -0.044840 118.141800 -0.285224 -0.449341 -0.846605 36.303051 0.000000 0.000000 0.000000 1.000000
-0.523223 -0.667075 0.530329 56.550251 -0.803048 0.594225 -0.044840 118.141800 -0.285224 -0.449341 -0.846605 36.303051 0.000000 0.000000 0.000000 1.000000
-0.523223 -0.667075 0.530329 56.550251 -0.803048 0.594225 -0.044840 118.141800 -0.285224 -0.449341 -0.846605 36.303051 0.000000 0.000000 0.000000 1.000000
-0.523223 -0.667075 0.530329 56.550251 -0.803048 0.594225 -0.044840 118.141800 -0.285224 -0.449341 -0.846605 36.303051 0.000000 0.000000 0.000000 1.000000
-0.523223 -0.667075 0.530329 56.550251 -0.803048 0.594225 -0.044840 118.141800 -0.285224 -0.449341 -0.846605 36.303051 0.000000 0.000000 0.000000 1.000000
-0.523223 -0.667075 0.530329 56.550251 -0.803048 0.594225 -0.044840 118.141800 -0.285224 -0.449341 -0.846605 36.303051 0.000000 0.000000 0.000000 1.000000
-0.523223 -0.667075 0.530329 56.550251 -0.803048 0.594225 -0.044840 118.141800 -0.285224 -0.449341 -0.846605 36.303051 0.000000 0.000000 0.000000 1.000000
-0.523223 -0.667075 0.530329 56.550251 -0.803048 0.594225 -0.044840 118.141800 -0.285224 -0.449341 -0.846605 36.303051 0.000000 0.000000 0.000000 1.000000
-0.523223 -0.667075 0.530329 56.550251 -0.803048 0.594225 -0.044840 118.141800 -0.285224 -0.449341 -0.846605 36.303051 0.000000 0.000000 0.000000 1.000000
-0.523223 -0.667075 0.530329 56.550251 -0.803048 0.594225 -0.044840 118.141800 -0.285224 -0.449341 -0.846605 36.303051 0.000000 0.000000 0.000000 1.000000</float_array>
          <technique_common>
            <accessor source="#bone_RR_leg-Matrix-animation-output-transform-array" count="64" stride="16">
              <param type="float4x4"/>
            </accessor>
          </technique_common>
        </source>
        <source id="bone_RR_leg-Interpolations">
          <Name_array id="bone_RR_leg-Interpolations-array" count="64">
 LINEAR LINEAR LINEAR LINEAR LINEAR LINEAR LINEAR LINEAR LINEAR LINEAR LINEAR
LINEAR LINEAR LINEAR LINEAR LINEAR LINEAR LINEAR LINEAR LINEAR LINEAR LINEAR LINEAR
LINEAR LINEAR LINEAR LINEAR LINEAR LINEAR LINEAR LINEAR LINEAR LINEAR LINEAR LINEAR
LINEAR LINEAR LINEAR LINEAR LINEAR LINEAR LINEAR LINEAR LINEAR LINEAR LINEAR LINEAR
LINEAR LINEAR LINEAR LINEAR LINEAR LINEAR LINEAR LINEAR LINEAR LINEAR LINEAR LINEAR
LINEAR LINEAR LINEAR LINEAR LINEAR</Name_array>
          <technique_common>
            <accessor source="#bone_RR_leg-Interpolations-array" count="64">
              <param type="name"/>
            </accessor>
          </technique_common>
        </source>
        <sampler id="bone_RR_leg-Matrix-animation-transform">
          <input semantic="INPUT" source="#bone_RR_leg-Matrix-animation-input"/>
          <input semantic="OUTPUT" source="#bone_RR_leg-Matrix-animation-output-transform"/>
          <input semantic="INTERPOLATION" source="#bone_RR_leg-Interpolations"/>
        </sampler>
        <channel source="#bone_RR_leg-Matrix-animation-transform" target="bone_RR_leg/matrix"/>
      </animation>
    </animation>
    <animation id="bone_L_index01-anim" name="bone_L_index01">
      <animation>
        <source id="bone_L_index01-Matrix-animation-input">
          <float_array id="bone_L_index01-Matrix-animation-input-array" count="64">

0.000000 0.033333 0.066667 0.100000 0.133333 0.166667 0.200000 0.233333 0.266667 0.300000 0.333333 0.366667 0.400000 0.433333 0.466667 0.500000
0.533333 0.566667 0.600000 0.633333 0.666667 0.700000 0.733333 0.766667 0.800000 0.833333 0.866667 0.900000 0.933333 0.966667 1.000000 1.033333
1.066667 1.100000 1.133333 1.166667 1.200000 1.233333 1.266667 1.300000 1.333333 1.366667 1.400000 1.433333 1.466667 1.500000 1.533333 1.566667
1.600000 1.633333 1.666667 1.700000 1.733333 1.766667 1.800000 1.833333 1.866667 1.900000 1.933333 1.966667 2.000000 2.033333 2.066667 2.100000</float_array>
          <technique_common>
            <accessor source="#bone_L_index01-Matrix-animation-input-array" count="64">
              <param name="TIME" type="float"/>
            </accessor>
          </technique_common>
        </source>
        <source id="bone_L_index01-Matrix-animation-output-transform">
          <float_array id="bone_L_index01-Matrix-animation-output-transform-array" count="1024">

-0.967048 0.065613 0.245993 107.518501 0.253945 0.317482 0.913629 -47.335522 -0.018152 0.945992 -0.323683 163.210800 0.000000 0.000000 0.000000 1.000000
-0.966758 -0.009139 0.255530 120.611298 0.246138 0.237374 0.939719 -40.237701 -0.069245 0.971375 -0.227234 165.010498 0.000000 0.000000 0.000000 1.000000
-0.963621 -0.060859 0.260253 130.555603 0.250395 0.134983 0.958688 -34.432400 -0.093474 0.988977 -0.114834 168.195404 0.000000 0.000000 0.000000 1.000000
-0.959090 -0.101043 0.264454 138.977203 0.263365 0.024210 0.964393 -30.649210 -0.103848 0.994587 0.003391 172.526703 0.000000 0.000000 0.000000 1.000000
-0.952507 -0.140348 0.270247 147.252304 0.283161 -0.081727 0.955585 -29.102840 -0.112027 0.986723 0.117587 177.300705 0.000000 0.000000 0.000000 1.000000
-0.941727 -0.188718 0.278451 156.576996 0.310671 -0.170582 0.935086 -29.493601 -0.128969 0.967102 0.219271 181.711197 0.000000 0.000000 0.000000 1.000000
-0.923074 -0.255644 0.287369 168.053696 0.346990 -0.231183 0.908930 -30.950230 -0.165927 0.938723 0.302105 185.276093 0.000000 0.000000 0.000000 1.000000
