<?xml version="1.0" encoding="utf-8"?>
<COLLADA xmlns="http://www.collada.org/2005/11/COLLADASchema" version="1.4.1">
  <asset>
    <contributor>
      <author/>
      <authoring_tool>FBX COLLADA exporter</authoring_tool>
      <comments/>
    </contributor>
    <created>2024-04-05T07:53:54Z</created>
    <keywords/>
    <modified>2024-04-05T07:53:54Z</modified>
    <revision/>
    <subject/>
    <title/>
    <unit meter="0.010000" name="centimeter"/>
    <up_axis>Y_UP</up_axis>
  </asset>
  <library_animations>
    <animation id="bone_horse_hip-anim" name="bone_horse_hip">
      <animation>
        <source id="bone_horse_hip-Matrix-animation-input">
          <float_array id="bone_horse_hip-Matrix-animation-input-array" count="41">

0.033333 0.066667 0.100000 0.133333 0.166667 0.200000 0.233333 0.266667 0.300000 0.333333 0.366667 0.400000 0.433333 0.466667 0.500000 0.533333
0.566667 0.600000 0.633333 0.666667 0.700000 0.733333 0.766667 0.800000 0.833333 0.866667 0.900000 0.933333 0.966667 1.000000 1.033333 1.066667
1.100000 1.133333 1.166667 1.200000 1.233333 1.266667 1.300000 1.333333 1.366667</float_array>
          <technique_common>
            <accessor source="#bone_horse_hip-Matrix-animation-input-array" count="41">
              <param name="TIME" type="float"/>
            </accessor>
          </technique_common>
        </source>
        <source id="bone_horse_hip-Matrix-animation-output-transform">
          <float_array id="bone_horse_hip-Matrix-animation-output-transform-array" count="656">

-0.132124 -0.165879 0.977255 0.000252 0.286841 -0.950115 -0.122491 162.118057 0.948823 0.264133 0.173114 -65.891479 0.000000 0.000000 0.000000 1.000000
-0.143757 -0.165880 0.975612 0.000259 0.287083 -0.950448 -0.119299 161.982285 0.947057 0.262931 0.184255 -66.214897 0.000000 0.000000 0.000000 1.000000
-0.153877 -0.165879 0.974067 0.000254 0.287014 -0.950806 -0.116578 161.835358 0.945487 0.261632 0.193917 -66.564560 0.000000 0.000000 0.000000 1.000000
-0.162560 -0.165879 0.972655 0.000256 0.286672 -0.951185 -0.114306 161.679474 0.944136 0.260251 0.202177 -66.935844 0.000000 0.000000 0.000000 1.000000
-0.169883 -0.165879 0.971403 0.000258 0.286094 -0.951579 -0.112460 161.516388 0.943022 0.258808 0.209114 -67.324120 0.000000 0.000000 0.000000 1.000000
-0.175920 -0.165879 0.970328 0.000254 0.285313 -0.951983 -0.111016 161.348175 0.942151 0.257317 0.214800 -67.724701 0.000000 0.000000 0.000000 1.000000
-0.180742 -0.165879 0.969441 0.000252 0.284359 -0.952393 -0.109947 161.176651 0.941527 0.255797 0.219306 -68.133034 0.000000 0.000000 0.000000 1.000000
-0.184423 -0.165879 0.968748 0.000257 0.283261 -0.952803 -0.109223 161.003891 0.941144 0.254265 0.222705 -68.544464 0.000000 0.000000 0.000000 1.000000
-0.187033 -0.165879 0.968247 0.000253 0.282047 -0.953209 -0.108821 160.831772 0.940993 0.252738 0.225067 -68.954330 0.000000 0.000000 0.000000 1.000000
-0.188644 -0.165880 0.967935 0.000252 0.280743 -0.953607 -0.108709 160.662155 0.941062 0.251233 0.226462 -69.358040 0.000000 0.000000 0.000000 1.000000
-0.189320 -0.165879 0.967803 0.000254 0.279373 -0.953992 -0.108861 160.497162 0.941333 0.249768 0.226952 -69.750923 0.000000 0.000000 0.000000 1.000000
-0.189135 -0.165879 0.967839 0.000256 0.277963 -0.954359 -0.109249 160.338684 0.941788 0.248360 0.226611 -70.128372 0.000000 0.000000 0.000000 1.000000
-0.188155 -0.165879 0.968030 0.000254 0.276536 -0.954705 -0.109845 160.188477 0.942404 0.247027 0.225504 -70.485756 0.000000 0.000000 0.000000 1.000000
-0.186449 -0.165879 0.968360 0.000249 0.275115 -0.955026 -0.110625 160.048752 0.943159 0.245784 0.223699 -70.818428 0.000000 0.000000 0.000000 1.000000
-0.184085 -0.165880 0.968812 0.000253 0.273725 -0.955316 -0.111559 159.921371 0.944027 0.244652 0.221265 -71.121796 0.000000 0.000000 0.000000 1.000000
-0.181129 -0.165880 0.969369 0.000252 0.272388 -0.955574 -0.112623 159.808258 0.944985 0.243645 0.218265 -71.391190 0.000000 0.000000 0.000000 1.000000
-0.177652 -0.165879 0.970012 0.000259 0.271129 -0.955793 -0.113791 159.711288 0.946007 0.242783 0.214773 -71.622002 0.000000 0.000000 0.000000 1.000000
-0.173722 -0.165879 0.970724 0.000250 0.269972 -0.955971 -0.115044 159.632462 0.947067 0.242083 0.210856 -71.809540 0.000000 0.000000 0.000000 1.000000
-0.169407 -0.165879 0.971486 0.000258 0.268940 -0.956103 -0.116354 159.573883 0.948142 0.241560 0.206582 -71.949272 0.000000 0.000000 0.000000 1.000000
-0.164779 -0.165879 0.972282 0.000256 0.268059 -0.956185 -0.117703 159.537186 0.949206 0.241234 0.202024 -72.036484 0.000000 0.000000 0.000000 1.000000
-0.159908 -0.165879 0.973095 0.000253 0.267355 -0.956214 -0.119067 159.524551 0.950237 0.241122 0.197255 -72.066597 0.000000 0.000000 0.000000 1.000000
-0.154867 -0.165879 0.973910 0.000258 0.266846 -0.956185 -0.120428 159.537186 0.951215 0.241234 0.192346 -72.036491 0.000000 0.000000 0.000000 1.000000
-0.149729 -0.165879 0.974713 0.000260 0.266532 -0.956103 -0.121769 159.573883 0.952125 0.241560 0.187368 -71.949280 0.000000 0.000000 0.000000 1.000000
-0.144568 -0.165879 0.975492 0.000253 0.266405 -0.955971 -0.123079 159.632446 0.952958 0.242083 0.182394 -71.809563 0.000000 0.000000 0.000000 1.000000
-0.139458 -0.165879 0.976235 0.000251 0.266456 -0.955793 -0.124341 159.711243 0.953705 0.242783 0.177492 -71.621986 0.000000 0.000000 0.000000 1.000000
-0.134477 -0.165879 0.976934 0.000254 0.266679 -0.955574 -0.125543 159.808258 0.954358 0.243645 0.172739 -71.391197 0.000000 0.000000 0.000000 1.000000
-0.129703 -0.165879 0.977579 0.000256 0.267069 -0.955316 -0.126667 159.921356 0.954909 0.244652 0.168209 -71.121819 0.000000 0.000000 0.000000 1.000000
-0.125216 -0.165879 0.978164 0.000253 0.267618 -0.955026 -0.127697 160.048752 0.955354 0.245784 0.163977 -70.818443 0.000000 0.000000 0.000000 1.000000
-0.121095 -0.165880 0.978683 0.000258 0.268321 -0.954705 -0.128616 160.188477 0.955688 0.247027 0.160119 -70.485779 0.000000 0.000000 0.000000 1.000000
-0.117424 -0.165879 0.979130 0.000260 0.269172 -0.954359 -0.129402 160.338684 0.955907 0.248360 0.156715 -70.128403 0.000000 0.000000 0.000000 1.000000
-0.114288 -0.165880 0.979501 0.000254 0.270167 -0.953992 -0.130037 160.497131 0.956006 0.249767 0.153845 -69.750938 0.000000 0.000000 0.000000 1.000000
-0.111770 -0.165879 0.979792 0.000261 0.271301 -0.953607 -0.130498 160.662186 0.955983 0.251233 0.151588 -69.358055 0.000000 0.000000 0.000000 1.000000
-0.109961 -0.165879 0.979996 0.000259 0.272568 -0.953209 -0.130761 160.831665 0.955832 0.252737 0.150029 -68.954346 0.000000 0.000000 0.000000 1.000000
-0.108947 -0.165879 0.980110 0.000259 0.273965 -0.952803 -0.130804 161.003876 0.955549 0.254265 0.149250 -68.544479 0.000000 0.000000 0.000000 1.000000
-0.108823 -0.165880 0.980123 0.000253 0.275485 -0.952393 -0.130599 161.176636 0.955126 0.255797 0.149339 -68.133041 0.000000 0.000000 0.000000 1.000000
-0.109680 -0.165880 0.980028 0.000259 0.277123 -0.951983 -0.130119 161.348175 0.954554 0.257317 0.150382 -67.724731 0.000000 0.000000 0.000000 1.000000
-0.111616 -0.165879 0.979809 0.000258 0.278874 -0.951579 -0.129331 161.516388 0.953819 0.258808 0.152470 -67.324112 0.000000 0.000000 0.000000 1.000000
-0.114727 -0.165879 0.979450 0.000257 0.280729 -0.951185 -0.128210 161.679474 0.952906 0.260251 0.155694 -66.935852 0.000000 0.000000 0.000000 1.000000
-0.119113 -0.165879 0.978926 0.000256 0.282683 -0.950806 -0.126719 161.835358 0.951789 0.261632 0.160145 -66.564583 0.000000 0.000000 0.000000 1.000000
-0.124878 -0.165880 0.978207 0.000253 0.284724 -0.950448 -0.124824 161.982239 0.950441 0.262931 0.165920 -66.214905 0.000000 0.000000 0.000000 1.000000
-0.132124 -0.165879 0.977255 0.000252 0.286841 -0.950115 -0.122491 162.118057 0.948823 0.264133 0.173114 -65.891479 0.000000 0.000000 0.000000 1.000000</float_array>
          <technique_common>
            <accessor source="#bone_horse_hip-Matrix-animation-output-transform-array" count="41" stride="16">
              <param type="float4x4"/>
            </accessor>
          </technique_common>
        </source>
        <source id="bone_horse_hip-Interpolations">
          <Name_array id="bone_horse_hip-Interpolations-array" count="41">
 LINEAR LINEAR LINEAR LINEAR LINEAR LINEAR LINEAR LINEAR LINEAR LINEAR LINEAR
LINEAR LINEAR LINEAR LINEAR LINEAR LINEAR LINEAR LINEAR LINEAR LINEAR LINEAR LINEAR
LINEAR LINEAR LINEAR LINEAR LINEAR LINEAR LINEAR LINEAR LINEAR LINEAR LINEAR LINEAR
LINEAR LINEAR LINEAR LINEAR LINEAR LINEAR</Name_array>
          <technique_common>
            <accessor source="#bone_horse_hip-Interpolations-array" count="41">
              <param type="name"/>
            </accessor>
          </technique_common>
        </source>
        <sampler id="bone_horse_hip-Matrix-animation-transform">
          <input semantic="INPUT" source="#bone_horse_hip-Matrix-animation-input"/>
          <input semantic="OUTPUT" source="#bone_horse_hip-Matrix-animation-output-transform"/>
          <input semantic="INTERPOLATION" source="#bone_horse_hip-Interpolations"/>
        </sampler>
        <channel source="#bone_horse_hip-Matrix-animation-transform" target="bone_horse_hip/matrix"/>
      </animation>
      <animation>
        <source id="bone_horse_hip-visibility-animation-input">
          <float_array id="bone_horse_hip-visibility-animation-input-array" count="41">

0.033333 0.066667 0.100000 0.133333 0.166667 0.200000 0.233333 0.266667 0.300000 0.333333 0.366667 0.400000 0.433333 0.466667 0.500000 0.533333
0.566667 0.600000 0.633333 0.666667 0.700000 0.733333 0.766667 0.800000 0.833333 0.866667 0.900000 0.933333 0.966667 1.000000 1.033333 1.066667
1.100000 1.133333 1.166667 1.200000 1.233333 1.266667 1.300000 1.333333 1.366667</float_array>
          <technique_common>
            <accessor source="#bone_horse_hip-visibility-animation-input-array" count="41">
              <param name="TIME" type="float"/>
            </accessor>
          </technique_common>
        </source>
        <source id="bone_horse_hip-visibility-animation-output">
          <float_array id="bone_horse_hip-visibility-animation-output-array" count="41">

1.000000 1.000000 1.000000 1.000000 1.000000 1.000000 1.000000 1.000000 1.000000 1.000000 1.000000 1.000000 1.000000 1.000000 1.000000 1.000000
1.000000 1.000000 1.000000 1.000000 1.000000 1.000000 1.000000 1.000000 1.000000 1.000000 1.000000 1.000000 1.000000 1.000000 1.000000 1.000000
1.000000 1.000000 1.000000 1.000000 1.000000 1.000000 1.000000 1.000000 1.000000</float_array>
          <technique_common>
            <accessor source="#bone_horse_hip-visibility-animation-output-array" count="41">
              <param type="float"/>
            </accessor>
          </technique_common>
        </source>
        <source id="bone_horse_hip-visibility-animation-intan">
          <float_array id="bone_horse_hip-visibility-animation-intan-array" count="41">

0.000000 0.000000 0.000000 0.000000 0.000000 0.000000 0.000000 0.000000 0.000000 0.000000 0.000000 0.000000 0.000000 0.000000 0.000000 0.000000
0.000000 0.000000 0.000000 0.000000 0.000000 0.000000 0.000000 0.000000 0.000000 0.000000 0.000000 0.000000 0.000000 0.000000 0.000000 0.000000
0.000000 0.000000 0.000000 0.000000 0.000000 0.000000 0.000000 0.000000 0.000000</float_array>
          <technique_common>
            <accessor source="#bone_horse_hip-visibility-animation-intan-array" count="41">
              <param type="float"/>
            </accessor>
          </technique_common>
        </source>
        <source id="bone_horse_hip-visibility-animation-outtan">
          <float_array id="bone_horse_hip-visibility-animation-outtan-array" count="41">

0.000000 0.000000 0.000000 0.000000 0.000000 0.000000 0.000000 0.000000 0.000000 0.000000 0.000000 0.000000 0.000000 0.000000 0.000000 0.000000
0.000000 0.000000 0.000000 0.000000 0.000000 0.000000 0.000000 0.000000 0.000000 0.000000 0.000000 0.000000 0.000000 0.000000 0.000000 0.000000
0.000000 0.000000 0.000000 0.000000 0.000000 0.000000 0.000000 0.000000 0.000000</float_array>
          <technique_common>
            <accessor source="#bone_horse_hip-visibility-animation-outtan-array" count="41">
              <param type="float"/>
            </accessor>
          </technique_common>
        </source>
        <source id="bone_horse_hip-visibility-animation-interpolation">
          <Name_array id="bone_horse_hip-visibility-animation-interpolation-array" count="41">
 BEZIER BEZIER BEZIER BEZIER BEZIER BEZIER BEZIER BEZIER BEZIER BEZIER BEZIER
BEZIER BEZIER BEZIER BEZIER BEZIER BEZIER BEZIER BEZIER BEZIER BEZIER BEZIER BEZIER
BEZIER BEZIER BEZIER BEZIER BEZIER BEZIER BEZIER BEZIER BEZIER BEZIER BEZIER BEZIER
BEZIER BEZIER BEZIER BEZIER BEZIER BEZIER</Name_array>
          <technique_common>
            <accessor source="#bone_horse_hip-visibility-animation-interpolation-array" count="41">
              <param type="name"/>
            </accessor>
          </technique_common>
        </source>
        <sampler id="bone_horse_hip-visibility-animation">
          <input semantic="INPUT" source="#bone_horse_hip-visibility-animation-input"/>
          <input semantic="OUTPUT" source="#bone_horse_hip-visibility-animation-output"/>
          <input semantic="IN_TANGENT" source="#bone_horse_hip-visibility-animation-intan"/>
          <input semantic="OUT_TANGENT" source="#bone_horse_hip-visibility-animation-outtan"/>
          <input semantic="INTERPOLATION" source="#bone_horse_hip-visibility-animation-interpolation"/>
        </sampler>
        <channel source="#bone_horse_hip-visibility-animation" target="bone_horse_hip/visibility"/>
      </animation>
    </animation>
    <animation id="bone_RR_thight-anim" name="bone_RR_thight">
      <animation>
        <source id="bone_RR_thight-Matrix-animation-input">
          <float_array id="bone_RR_thight-Matrix-animation-input-array" count="41">

0.033333 0.066667 0.100000 0.133333 0.166667 0.200000 0.233333 0.266667 0.300000 0.333333 0.366667 0.400000 0.433333 0.466667 0.500000 0.533333
0.566667 0.600000 0.633333 0.666667 0.700000 0.733333 0.766667 0.800000 0.833333 0.866667 0.900000 0.933333 0.966667 1.000000 1.033333 1.066667
1.100000 1.133333 1.166667 1.200000 1.233333 1.266667 1.300000 1.333333 1.366667</float_array>
          <technique_common>
            <accessor source="#bone_RR_thight-Matrix-animation-input-array" count="41">
              <param name="TIME" type="float"/>
            </accessor>
          </technique_common>
        </source>
        <source id="bone_RR_thight-Matrix-animation-output-transform">
          <float_array id="bone_RR_thight-Matrix-animation-output-transform-array" count="656">

-0.182574 -0.977724 -0.103551 0.000030 0.980686 -0.173579 -0.090145 -0.000004 0.070162 -0.118009 0.990531 -34.219631 0.000000 0.000000 0.000000 1.000000
-0.177939 -0.977242 -0.115477 0.000030 0.981656 -0.168116 -0.089932 -0.000004 0.068471 -0.129361 0.989231 -34.219631 0.000000 0.000000 0.000000 1.000000
-0.173221 -0.976809 -0.125851 0.000030 0.982589 -0.162685 -0.089734 -0.000004 0.067179 -0.139204 0.987982 -34.219631 0.000000 0.000000 0.000000 1.000000
-0.168456 -0.976456 -0.134743 0.000030 0.983480 -0.157308 -0.089562 -0.000004 0.066257 -0.147605 0.986825 -34.219631 0.000000 0.000000 0.000000 1.000000
-0.163696 -0.976205 -0.142226 0.000030 0.984323 -0.152029 -0.089420 -0.000004 0.065670 -0.154634 0.985787 -34.219631 0.000000 0.000000 0.000000 1.000000
-0.158977 -0.976070 -0.148369 0.000030 0.985115 -0.146874 -0.089313 -0.000004 0.065384 -0.160359 0.984891 -34.219631 0.000000 0.000000 0.000000 1.000000
-0.154350 -0.976059 -0.153245 0.000030 0.985852 -0.141887 -0.089243 -0.000004 0.065363 -0.164852 0.984150 -34.219631 0.000000 0.000000 0.000000 1.000000
-0.149853 -0.976175 -0.156928 0.000030 0.986532 -0.137101 -0.089210 -0.000004 0.065570 -0.168183 0.983573 -34.219631 0.000000 0.000000 0.000000 1.000000
-0.145527 -0.976414 -0.159490 0.000030 0.987152 -0.132555 -0.089216 -0.000004 0.065971 -0.170425 0.983160 -34.219631 0.000000 0.000000 0.000000 1.000000
-0.141418 -0.976769 -0.161007 0.000030 0.987712 -0.128290 -0.089260 -0.000004 0.066531 -0.171651 0.982909 -34.219631 0.000000 0.000000 0.000000 1.000000
-0.137566 -0.977230 -0.161545 0.000030 0.988209 -0.124344 -0.089335 -0.000004 0.067214 -0.171930 0.982814 -34.219631 0.000000 0.000000 0.000000 1.000000
-0.134009 -0.977784 -0.161185 0.000030 0.988645 -0.120753 -0.089443 -0.000004 0.067992 -0.171341 0.982863 -34.219631 0.000000 0.000000 0.000000 1.000000
-0.130792 -0.978414 -0.159998 0.000030 0.989017 -0.117561 -0.089577 -0.000004 0.068833 -0.169957 0.983045 -34.219631 0.000000 0.000000 0.000000 1.000000
-0.127946 -0.979105 -0.158059 0.000030 0.989328 -0.114796 -0.089734 -0.000004 0.069715 -0.167853 0.983344 -34.219631 0.000000 0.000000 0.000000 1.000000
-0.125513 -0.979839 -0.155443 0.000030 0.989576 -0.112497 -0.089909 -0.000004 0.070610 -0.165107 0.983745 -34.219631 0.000000 0.000000 0.000000 1.000000
-0.123531 -0.980596 -0.152221 0.000030 0.989762 -0.110700 -0.090096 -0.000004 0.071497 -0.161793 0.984231 -34.219631 0.000000 0.000000 0.000000 1.000000
-0.122034 -0.981358 -0.148473 0.000030 0.989885 -0.109434 -0.090289 -0.000004 0.072358 -0.157990 0.984786 -34.219631 0.000000 0.000000 0.000000 1.000000
-0.121057 -0.982105 -0.144273 0.000030 0.989945 -0.108731 -0.090485 -0.000004 0.073178 -0.153776 0.985392 -34.219631 0.000000 0.000000 0.000000 1.000000
-0.120624 -0.982820 -0.139695 0.000030 0.989940 -0.108609 -0.090676 -0.000004 0.073946 -0.149228 0.986034 -34.219631 0.000000 0.000000 0.000000 1.000000
-0.120775 -0.983482 -0.134818 0.000030 0.989869 -0.109104 -0.090859 -0.000004 0.074649 -0.144426 0.986696 -34.219631 0.000000 0.000000 0.000000 1.000000
-0.121529 -0.984075 -0.129719 0.000030 0.989729 -0.110228 -0.091028 -0.000004 0.075279 -0.139449 0.987364 -34.219631 0.000000 0.000000 0.000000 1.000000
-0.122899 -0.984582 -0.124476 0.000030 0.989518 -0.111988 -0.091178 -0.000004 0.075832 -0.134377 0.988024 -34.219631 0.000000 0.000000 0.000000 1.000000
-0.124829 -0.984996 -0.119164 0.000030 0.989239 -0.114321 -0.091308 -0.000004 0.076315 -0.129280 0.988667 -34.219631 0.000000 0.000000 0.000000 1.000000
-0.127257 -0.985313 -0.113859 0.000030 0.988897 -0.117156 -0.091416 -0.000004 0.076734 -0.124228 0.989282 -34.219631 0.000000 0.000000 0.000000 1.000000
-0.130104 -0.985531 -0.108635 0.000030 0.988498 -0.120410 -0.091502 -0.000004 0.077097 -0.119290 0.989862 -34.219631 0.000000 0.000000 0.000000 1.000000
-0.133306 -0.985648 -0.103570 0.000030 0.988047 -0.124009 -0.091566 -0.000004 0.077408 -0.114538 0.990398 -34.219631 0.000000 0.000000 0.000000 1.000000
-0.136796 -0.985666 -0.098744 0.000030 0.987550 -0.127880 -0.091607 -0.000004 0.077666 -0.110046 0.990887 -34.219631 0.000000 0.000000 0.000000 1.000000
-0.140505 -0.985585 -0.094235 0.000030 0.987013 -0.131948 -0.091626 -0.000004 0.077871 -0.105885 0.991325 -34.219631 0.000000 0.000000 0.000000 1.000000
-0.144369 -0.985411 -0.090123 0.000030 0.986443 -0.136141 -0.091625 -0.000004 0.078019 -0.102129 0.991707 -34.219631 0.000000 0.000000 0.000000 1.000000
-0.148324 -0.985149 -0.086491 0.000030 0.985850 -0.140388 -0.091602 -0.000004 0.078100 -0.098854 0.992032 -34.219631 0.000000 0.000000 0.000000 1.000000
-0.152316 -0.984805 -0.083422 0.000030 0.985241 -0.144627 -0.091562 -0.000004 0.078106 -0.096137 0.992299 -34.219631 0.000000 0.000000 0.000000 1.000000
-0.156283 -0.984385 -0.080999 0.000030 0.984626 -0.148792 -0.091503 -0.000004 0.078022 -0.094055 0.992505 -34.219631 0.000000 0.000000 0.000000 1.000000
-0.160173 -0.983897 -0.079313 0.000030 0.984016 -0.152822 -0.091427 -0.000004 0.077834 -0.092690 0.992648 -34.219631 0.000000 0.000000 0.000000 1.000000
-0.163930 -0.983348 -0.078449 0.000030 0.983421 -0.156655 -0.091335 -0.000004 0.077525 -0.092121 0.992725 -34.219631 0.000000 0.000000 0.000000 1.000000
-0.167507 -0.982740 -0.078502 0.000030 0.982853 -0.160239 -0.091227 -0.000004 0.077073 -0.092437 0.992731 -34.219631 0.000000 0.000000 0.000000 1.000000
-0.170856 -0.982078 -0.079564 0.000030 0.982325 -0.163519 -0.091102 -0.000004 0.076459 -0.093723 0.992658 -34.219631 0.000000 0.000000 0.000000 1.000000
-0.173935 -0.981359 -0.081734 0.000030 0.981846 -0.166446 -0.090959 -0.000004 0.075659 -0.096071 0.992495 -34.219631 0.000000 0.000000 0.000000 1.000000
-0.176689 -0.980580 -0.085112 0.000030 0.981432 -0.168961 -0.090797 -0.000004 0.074653 -0.099574 0.992226 -34.219631 0.000000 0.000000 0.000000 1.000000
-0.179081 -0.979727 -0.089800 0.000030 0.981091 -0.171025 -0.090611 -0.000004 0.073416 -0.104329 0.991829 -34.219631 0.000000 0.000000 0.000000 1.000000
-0.181059 -0.978784 -0.095910 0.000030 0.980839 -0.172581 -0.090396 -0.000004 0.071926 -0.110439 0.991277 -34.219631 0.000000 0.000000 0.000000 1.000000
-0.182574 -0.977724 -0.103551 0.000030 0.980685 -0.173580 -0.090145 -0.000004 0.070162 -0.118009 0.990531 -34.219631 0.000000 0.000000 0.000000 1.000000</float_array>
          <technique_common>
            <accessor source="#bone_RR_thight-Matrix-animation-output-transform-array" count="41" stride="16">
              <param type="float4x4"/>
            </accessor>
          </technique_common>
        </source>
        <source id="bone_RR_thight-Interpolations">
          <Name_array id="bone_RR_thight-Interpolations-array" count="41">
 LINEAR LINEAR LINEAR LINEAR LINEAR LINEAR LINEAR LINEAR LINEAR LINEAR LINEAR
LINEAR LINEAR LINEAR LINEAR LINEAR LINEAR LINEAR LINEAR LINEAR LINEAR LINEAR LINEAR
LINEAR LINEAR LINEAR LINEAR LINEAR LINEAR LINEAR LINEAR LINEAR LINEAR LINEAR LINEAR
LINEAR LINEAR LINEAR LINEAR LINEAR LINEAR</Name_array>
          <technique_common>
            <accessor source="#bone_RR_thight-Interpolations-array" count="41">
              <param type="name"/>
            </accessor>
          </technique_common>
        </source>
        <sampler id="bone_RR_thight-Matrix-animation-transform">
          <input semantic="INPUT" source="#bone_RR_thight-Matrix-animation-input"/>
          <input semantic="OUTPUT" source="#bone_RR_thight-Matrix-animation-output-transform"/>
          <input semantic="INTERPOLATION" source="#bone_RR_thight-Interpolations"/>
        </sampler>
        <channel source="#bone_RR_thight-Matrix-animation-transform" target="bone_RR_thight/matrix"/>
      </animation>
      <animation>
        <source id="bone_RR_thight-visibility-animation-input">
          <float_array id="bone_RR_thight-visibility-animation-input-array" count="41">

0.033333 0.066667 0.100000 0.133333 0.166667 0.200000 0.233333 0.266667 0.300000 0.333333 0.366667 0.400000 0.433333 0.466667 0.500000 0.533333
0.566667 0.600000 0.633333 0.666667 0.700000 0.733333 0.766667 0.800000 0.833333 0.866667 0.900000 0.933333 0.966667 1.000000 1.033333 1.066667
1.100000 1.133333 1.166667 1.200000 1.233333 1.266667 1.300000 1.333333 1.366667</float_array>
          <technique_common>
            <accessor source="#bone_RR_thight-visibility-animation-input-array" count="41">
              <param name="TIME" type="float"/>
            </accessor>
          </technique_common>
        </source>
        <source id="bone_RR_thight-visibility-animation-output">
          <float_array id="bone_RR_thight-visibility-animation-output-array" count="41">

1.000000 1.000000 1.000000 1.000000 1.000000 1.000000 1.000000 1.000000 1.000000 1.000000 1.000000 1.000000 1.000000 1.000000 1.000000 1.000000
1.000000 1.000000 1.000000 1.000000 1.000000 1.000000 1.000000 1.000000 1.000000 1.000000 1.000000 1.000000 1.000000 1.000000 1.000000 1.000000
1.000000 1.000000 1.000000 1.000000 1.000000 1.000000 1.000000 1.000000 1.000000</float_array>
          <technique_common>
            <accessor source="#bone_RR_thight-visibility-animation-output-array" count="41">
              <param type="float"/>
            </accessor>
          </technique_common>
        </source>
        <source id="bone_RR_thight-visibility-animation-intan">
          <float_array id="bone_RR_thight-visibility-animation-intan-array" count="41">

0.000000 0.000000 0.000000 0.000000 0.000000 0.000000 0.000000 0.000000 0.000000 0.000000 0.000000 0.000000 0.000000 0.000000 0.000000 0.000000
0.000000 0.000000 0.000000 0.000000 0.000000 0.000000 0.000000 0.000000 0.000000 0.000000 0.000000 0.000000 0.000000 0.000000 0.000000 0.000000
0.000000 0.000000 0.000000 0.000000 0.000000 0.000000 0.000000 0.000000 0.000000</float_array>
          <technique_common>
            <accessor source="#bone_RR_thight-visibility-animation-intan-array" count="41">
              <param type="float"/>
            </accessor>
          </technique_common>
        </source>
        <source id="bone_RR_thight-visibility-animation-outtan">
          <float_array id="bone_RR_thight-visibility-animation-outtan-array" count="41">

0.000000 0.000000 0.000000 0.000000 0.000000 0.000000 0.000000 0.000000 0.000000 0.000000 0.000000 0.000000 0.000000 0.000000 0.000000 0.000000
0.000000 0.000000 0.000000 0.000000 0.000000 0.000000 0.000000 0.000000 0.000000 0.000000 0.000000 0.000000 0.000000 0.000000 0.000000 0.000000
0.000000 0.000000 0.000000 0.000000 0.000000 0.000000 0.000000 0.000000 0.000000</float_array>
          <technique_common>
            <accessor source="#bone_RR_thight-visibility-animation-outtan-array" count="41">
              <param type="float"/>
            </accessor>
          </technique_common>
        </source>
        <source id="bone_RR_thight-visibility-animation-interpolation">
          <Name_array id="bone_RR_thight-visibility-animation-interpolation-array" count="41">
 BEZIER BEZIER BEZIER BEZIER BEZIER BEZIER BEZIER BEZIER BEZIER BEZIER BEZIER
BEZIER BEZIER BEZIER BEZIER BEZIER BEZIER BEZIER BEZIER BEZIER BEZIER BEZIER BEZIER
BEZIER BEZIER BEZIER BEZIER BEZIER BEZIER BEZIER BEZIER BEZIER BEZIER BEZIER BEZIER
BEZIER BEZIER BEZIER BEZIER BEZIER BEZIER</Name_array>
          <technique_common>
            <accessor source="#bone_RR_thight-visibility-animation-interpolation-array" count="41">
              <param type="name"/>
            </accessor>
          </technique_common>
        </source>
        <sampler id="bone_RR_thight-visibility-animation">
          <input semantic="INPUT" source="#bone_RR_thight-visibility-animation-input"/>
          <input semantic="OUTPUT" source="#bone_RR_thight-visibility-animation-output"/>
          <input semantic="IN_TANGENT" source="#bone_RR_thight-visibility-animation-intan"/>
          <input semantic="OUT_TANGENT" source="#bone_RR_thight-visibility-animation-outtan"/>
          <input semantic="INTERPOLATION" source="#bone_RR_thight-visibility-animation-interpolation"/>
        </sampler>
        <channel source="#bone_RR_thight-visibility-animation" target="bone_RR_thight/visibility"/>
      </animation>
    </animation>
    <animation id="bone_RR_leg-anim" name="bone_RR_leg">
      <animation>
        <source id="bone_RR_leg-Matrix-animation-input">
          <float_array id="bone_RR_leg-Matrix-animation-input-array" count="41">

0.033333 0.066667 0.100000 0.133333 0.166667 0.200000 0.233333 0.266667 0.300000 0.333333 0.366667 0.400000 0.433333 0.466667 0.500000 0.533333
0.566667 0.600000 0.633333 0.666667 0.700000 0.733333 0.766667 0.800000 0.833333 0.866667 0.900000 0.933333 0.966667 1.000000 1.033333 1.066667
1.100000 1.133333 1.166667 1.200000 1.233333 1.266667 1.300000 1.333333 1.366667</float_array>
          <technique_common>
            <accessor source="#bone_RR_leg-Matrix-animation-input-array" count="41">
              <param name="TIME" type="float"/>
            </accessor>
          </technique_common>
        </source>
        <source id="bone_RR_leg-Matrix-animation-output-transform">
          <float_array id="bone_RR_leg-Matrix-animation-output-transform-array" count="656">

0.895297 0.445469 0.000037 90.565811 -0.445469 0.895297 0.000542 0.000162 0.000208 -0.000502 1.000000 0.000318 0.000000 0.000000 0.000000 1.000000
0.894669 0.446729 0.000039 90.565811 -0.446729 0.894669 0.000558 0.000165 0.000214 -0.000517 1.000000 0.000322 0.000000 0.000000 0.000000 1.000000
0.894064 0.447939 0.000040 90.565811 -0.447939 0.894064 0.000574 0.000167 0.000221 -0.000531 1.000000 0.000326 0.000000 0.000000 0.000000 1.000000
0.893491 0.449081 0.000042 90.565811 -0.449081 0.893491 0.000589 0.000169 0.000227 -0.000545 1.000000 0.000330 0.000000 0.000000 0.000000 1.000000
0.892944 0.450167 0.000043 90.565811 -0.450167 0.892944 0.000603 0.000170 0.000233 -0.000558 1.000000 0.000334 0.000000 0.000000 0.000000 1.000000
0.892429 0.451188 0.000044 90.565811 -0.451188 0.892429 0.000617 0.000171 0.000239 -0.000570 1.000000 0.000337 0.000000 0.000000 0.000000 1.000000
0.891935 0.452164 0.000045 90.565811 -0.452164 0.891935 0.000630 0.000172 0.000244 -0.000583 1.000000 0.000341 0.000000 0.000000 0.000000 1.000000
0.891462 0.453096 0.000047 90.565811 -0.453096 0.891462 0.000643 0.000173 0.000250 -0.000594 1.000000 0.000344 0.000000 0.000000 0.000000 1.000000
0.891007 0.453990 0.000048 90.565811 -0.453990 0.891007 0.000655 0.000174 0.000255 -0.000606 1.000000 0.000348 0.000000 0.000000 0.000000 1.000000
0.890561 0.454865 0.000049 90.565811 -0.454865 0.890560 0.000668 0.000174 0.000260 -0.000617 1.000000 0.000351 0.000000 0.000000 0.000000 1.000000
0.890121 0.455725 0.000050 90.565811 -0.455725 0.890121 0.000680 0.000174 0.000265 -0.000628 1.000000 0.000353 0.000000 0.000000 0.000000 1.000000
0.889685 0.456575 0.000051 90.565811 -0.456575 0.889685 0.000692 0.000174 0.000270 -0.000639 1.000000 0.000356 0.000000 0.000000 0.000000 1.000000
0.889242 0.457437 0.000052 90.565811 -0.457437 0.889242 0.000705 0.000174 0.000276 -0.000651 1.000000 0.000358 0.000000 0.000000 0.000000 1.000000
0.888800 0.458295 0.000054 90.565811 -0.458295 0.888800 0.000717 0.000174 0.000281 -0.000662 1.000000 0.000360 0.000000 0.000000 0.000000 1.000000
0.888353 0.459160 0.000055 90.565811 -0.459160 0.888353 0.000730 0.000173 0.000286 -0.000674 1.000000 0.000361 0.000000 0.000000 0.000000 1.000000
0.887901 0.460034 0.000056 90.565811 -0.460034 0.887901 0.000743 0.000173 0.000292 -0.000685 1.000000 0.000363 0.000000 0.000000 0.000000 1.000000
0.887447 0.460910 0.000058 90.565811 -0.460910 0.887446 0.000756 0.000172 0.000297 -0.000697 1.000000 0.000363 0.000000 0.000000 0.000000 1.000000
0.886996 0.461776 0.000059 90.565811 -0.461776 0.886996 0.000769 0.000171 0.000303 -0.000709 1.000000 0.000364 0.000000 0.000000 0.000000 1.000000
0.886562 0.462609 0.000060 90.565811 -0.462609 0.886562 0.000782 0.000170 0.000308 -0.000721 1.000000 0.000364 0.000000 0.000000 0.000000 1.000000
0.886146 0.463405 0.000061 90.565811 -0.463405 0.886146 0.000794 0.000170 0.000313 -0.000732 1.000000 0.000363 0.000000 0.000000 0.000000 1.000000
0.885771 0.464123 0.000063 90.565811 -0.464123 0.885770 0.000805 0.000169 0.000318 -0.000742 1.000000 0.000362 0.000000 0.000000 0.000000 1.000000
0.885445 0.464744 0.000064 90.565811 -0.464744 0.885445 0.000815 0.000167 0.000322 -0.000751 1.000000 0.000361 0.000000 0.000000 0.000000 1.000000
0.885188 0.465234 0.000064 90.565811 -0.465233 0.885188 0.000822 0.000166 0.000326 -0.000758 1.000000 0.000359 0.000000 0.000000 0.000000 1.000000
0.884999 0.465593 0.000065 90.565811 -0.465593 0.884999 0.000828 0.000165 0.000328 -0.000763 1.000000 0.000357 0.000000 0.000000 0.000000 1.000000
0.884901 0.465780 0.000065 90.565811 -0.465780 0.884900 0.000831 0.000164 0.000329 -0.000766 1.000000 0.000354 0.000000 0.000000 0.000000 1.000000
0.884898 0.465785 0.000065 90.565811 -0.465785 0.884898 0.000831 0.000163 0.000329 -0.000766 1.000000 0.000352 0.000000 0.000000 0.000000 1.000000
0.884997 0.465596 0.000065 90.565811 -0.465596 0.884997 0.000828 0.000162 0.000328 -0.000763 1.000000 0.000349 0.000000 0.000000 0.000000 1.000000
0.885207 0.465197 0.000064 90.565811 -0.465197 0.885207 0.000822 0.000161 0.000325 -0.000757 1.000000 0.000346 0.000000 0.000000 0.000000 1.000000
0.885532 0.464579 0.000064 90.565811 -0.464579 0.885532 0.000812 0.000160 0.000321 -0.000749 1.000000 0.000343 0.000000 0.000000 0.000000 1.000000
0.885971 0.463740 0.000062 90.565811 -0.463740 0.885971 0.000799 0.000159 0.000315 -0.000737 1.000000 0.000340 0.000000 0.000000 0.000000 1.000000
0.886519 0.462691 0.000061 90.565811 -0.462691 0.886519 0.000783 0.000159 0.000308 -0.000722 1.000000 0.000337 0.000000 0.000000 0.000000 1.000000
0.887174 0.461435 0.000059 90.565811 -0.461434 0.887174 0.000764 0.000158 0.000300 -0.000705 1.000000 0.000334 0.000000 0.000000 0.000000 1.000000
0.887922 0.459994 0.000057 90.565811 -0.459994 0.887922 0.000742 0.000158 0.000291 -0.000685 1.000000 0.000331 0.000000 0.000000 0.000000 1.000000
0.888757 0.458380 0.000054 90.565811 -0.458380 0.888756 0.000718 0.000157 0.000281 -0.000663 1.000000 0.000329 0.000000 0.000000 0.000000 1.000000
0.889656 0.456632 0.000052 90.565811 -0.456632 0.889655 0.000693 0.000157 0.000270 -0.000640 1.000000 0.000326 0.000000 0.000000 0.000000 1.000000
0.890605 0.454779 0.000049 90.565811 -0.454779 0.890604 0.000666 0.000157 0.000259 -0.000616 1.000000 0.000324 0.000000 0.000000 0.000000 1.000000
0.891576 0.452870 0.000047 90.565811 -0.452870 0.891576 0.000640 0.000158 0.000248 -0.000592 1.000000 0.000322 0.000000 0.000000 0.000000 1.000000
0.892558 0.450932 0.000044 90.565811 -0.450932 0.892558 0.000613 0.000158 0.000237 -0.000567 1.000000 0.000320 0.000000 0.000000 0.000000 1.000000
0.893519 0.449025 0.000042 90.565811 -0.449025 0.893519 0.000588 0.000159 0.000227 -0.000544 1.000000 0.000319 0.000000 0.000000 0.000000 1.000000
0.894440 0.447188 0.000039 90.565811 -0.447188 0.894440 0.000564 0.000161 0.000217 -0.000522 1.000000 0.000318 0.000000 0.000000 0.000000 1.000000
0.895297 0.445471 0.000037 90.565811 -0.445471 0.895296 0.000542 0.000162 0.000208 -0.000502 1.000000 0.000318 0.000000 0.000000 0.000000 1.000000</float_array>
          <technique_common>
            <accessor source="#bone_RR_leg-Matrix-animation-output-transform-array" count="41" stride="16">
              <param type="float4x4"/>
            </accessor>
          </technique_common>
        </source>
        <source id="bone_RR_leg-Interpolations">
          <Name_array id="bone_RR_leg-Interpolations-array" count="41">
 LINEAR LINEAR LINEAR LINEAR LINEAR LINEAR LINEAR LINEAR LINEAR LINEAR LINEAR
LINEAR LINEAR LINEAR LINEAR LINEAR LINEAR LINEAR LINEAR LINEAR LINEAR LINEAR LINEAR
LINEAR LINEAR LINEAR LINEAR LINEAR LINEAR LINEAR LINEAR LINEAR LINEAR LINEAR LINEAR
LINEAR LINEAR LINEAR LINEAR LINEAR LINEAR</Name_array>
          <technique_common>
            <accessor source="#bone_RR_leg-Interpolations-array" count="41">
              <param type="name"/>
            </accessor>
          </technique_common>
        </source>
        <sampler id="bone_RR_leg-Matrix-animation-transform">
          <input semantic="INPUT" source="#bone_RR_leg-Matrix-animation-input"/>
          <input semantic="OUTPUT" source="#bone_RR_leg-Matrix-animation-output-transform"/>
          <input semantic="INTERPOLATION" source="#bone_RR_leg-Interpolations"/>
        </sampler>
        <channel source="#bone_RR_leg-Matrix-animation-transform" target="bone_RR_leg/matrix"/>
      </animation>
      <animation>
        <source id="bone_RR_leg-visibility-animation-input">
          <float_array id="bone_RR_leg-visibility-animation-input-array" count="41">

0.033333 0.066667 0.100000 0.133333 0.166667 0.200000 0.233333 0.266667 0.300000 0.333333 0.366667 0.400000 0.433333 0.466667 0.500000 0.533333
0.566667 0.600000 0.633333 0.666667 0.700000 0.733333 0.766667 0.800000 0.833333 0.866667 0.900000 0.933333 0.966667 1.000000 1.033333 1.066667
1.100000 1.133333 1.166667 1.200000 1.233333 1.266667 1.300000 1.333333 1.366667</float_array>
          <technique_common>
            <accessor source="#bone_RR_leg-visibility-animation-input-array" count="41">
              <param name="TIME" type="float"/>
            </accessor>
          </technique_common>
        </source>
        <source id="bone_RR_leg-visibility-animation-output">
          <float_array id="bone_RR_leg-visibility-animation-output-array" count="41">

1.000000 1.000000 1.000000 1.000000 1.000000 1.000000 1.000000 1.000000 1.000000 1.000000 1.000000 1.000000 1.000000 1.000000 1.000000 1.000000
1.000000 1.000000 1.000000 1.000000 1.000000 1.000000 1.000000 1.000000 1.000000 1.000000 1.000000 1.000000 1.000000 1.000000 1.000000 1.000000
1.000000 1.000000 1.000000 1.000000 1.000000 1.000000 1.000000 1.000000 1.000000</float_array>
          <technique_common>
            <accessor source="#bone_RR_leg-visibility-animation-output-array" count="41">
              <param type="float"/>
            </accessor>
          </technique_common>
        </source>
        <source id="bone_RR_leg-visibility-animation-intan">
          <float_array id="bone_RR_leg-visibility-animation-intan-array" count="41">

0.000000 0.000000 0.000000 0.000000 0.000000 0.000000 0.000000 0.000000 0.000000 0.000000 0.000000 0.000000 0.000000 0.000000 0.000000 0.000000
0.000000 0.000000 0.000000 0.000000 0.000000 0.000000 0.000000 0.000000 0.000000 0.000000 0.000000 0.000000 0.000000 0.000000 0.000000 0.000000
0.000000 0.000000 0.000000 0.000000 0.000000 0.000000 0.000000 0.000000 0.000000</float_array>
          <technique_common>
            <accessor source="#bone_RR_leg-visibility-animation-intan-array" count="41">
              <param type="float"/>
            </accessor>
          </technique_common>
        </source>
        <source id="bone_RR_leg-visibility-animation-outtan">
          <float_array id="bone_RR_leg-visibility-animation-outtan-array" count="41">

0.000000 0.000000 0.000000 0.000000 0.000000 0.000000 0.000000 0.000000 0.000000 0.000000 0.000000 0.000000 0.000000 0.000000 0.000000 0.000000
0.000000 0.000000 0.000000 0.000000 0.000000 0.000000 0.000000 0.000000 0.000000 0.000000 0.000000 0.000000 0.000000 0.000000 0.000000 0.000000
0.000000 0.000000 0.000000 0.000000 0.000000 0.000000 0.000000 0.000000 0.000000</float_array>
          <technique_common>
            <accessor source="#bone_RR_leg-visibility-animation-outtan-array" count="41">
              <param type="float"/>
            </accessor>
          </technique_common>
        </source>
        <source id="bone_RR_leg-visibility-animation-interpolation">
          <Name_array id="bone_RR_leg-visibility-animation-interpolation-array" count="41">
 BEZIER BEZIER BEZIER BEZIER BEZIER BEZIER BEZIER BEZIER BEZIER BEZIER BEZIER
BEZIER BEZIER BEZIER BEZIER BEZIER BEZIER BEZIER BEZIER BEZIER BEZIER BEZIER BEZIER
BEZIER BEZIER BEZIER BEZIER BEZIER BEZIER BEZIER BEZIER BEZIER BEZIER BEZIER BEZIER
BEZIER BEZIER BEZIER BEZIER BEZIER BEZIER</Name_array>
          <technique_common>
            <accessor source="#bone_RR_leg-visibility-animation-interpolation-array" count="41">
              <param type="name"/>
            </accessor>
          </technique_common>
        </source>
        <sampler id="bone_RR_leg-visibility-animation">
          <input semantic="INPUT" source="#bone_RR_leg-visibility-animation-input"/>
          <input semantic="OUTPUT" source="#bone_RR_leg-visibility-animation-output"/>
          <input semantic="IN_TANGENT" source="#bone_RR_leg-visibility-animation-intan"/>
          <input semantic="OUT_TANGENT" source="#bone_RR_leg-visibility-animation-outtan"/>
          <input semantic="INTERPOLATION" source="#bone_RR_leg-visibility-animation-interpolation"/>
        </sampler>
        <channel source="#bone_RR_leg-visibility-animation" target="bone_RR_leg/visibility"/>
      </animation>
    </animation>
    <animation id="bone_RR_foot-anim" name="bone_RR_foot">
      <animation>
        <source id="bone_RR_foot-Matrix-animation-input">
          <float_array id="bone_RR_foot-Matrix-animation-input-array" count="41">

0.033333 0.066667 0.100000 0.133333 0.166667 0.200000 0.233333 0.266667 0.300000 0.333333 0.366667 0.400000 0.433333 0.466667 0.500000 0.533333
