<?xml version="1.0" encoding="utf-8"?>
<COLLADA xmlns="http://www.collada.org/2005/11/COLLADASchema" version="1.4.1">
  <asset>
    <contributor>
      <author/>
      <authoring_tool>FBX COLLADA exporter</authoring_tool>
      <comments/>
    </contributor>
    <created>2024-04-10T09:12:16Z</created>
    <keywords/>
    <modified>2024-04-10T09:12:16Z</modified>
    <revision/>
    <subject/>
    <title/>
    <unit meter="0.010000" name="centimeter"/>
    <up_axis>Y_UP</up_axis>
  </asset>
  <library_animations>
    <animation id="bone_weapon-anim" name="bone_weapon">
      <animation>
        <source id="bone_weapon-Matrix-animation-input">
          <float_array id="bone_weapon-Matrix-animation-input-array" count="280">

0.000000 0.033333 0.066667 0.100000 0.133333 0.166667 0.200000 0.233333 0.266667 0.300000 0.333333 0.366667 0.400000 0.433333 0.466667 0.500000
0.533333 0.566667 0.600000 0.633333 0.666667 0.700000 0.733333 0.766667 0.800000 0.833333 0.866667 0.900000 0.933333 0.966667 1.000000 1.033333
1.066667 1.100000 1.133333 1.166667 1.200000 1.233333 1.266667 1.300000 1.333333 1.366667 1.400000 1.433333 1.466667 1.500000 1.533333 1.566667
1.600000 1.633333 1.666667 1.700000 1.733333 1.766667 1.800000 1.833333 1.866667 1.900000 1.933333 1.966667 2.000000 2.033333 2.066667 2.100000
2.133333 2.166667 2.200000 2.233333 2.266667 2.300000 2.333333 2.366667 2.400000 2.433333 2.466667 2.500000 2.533333 2.566667 2.600000 2.633333
2.666667 2.700000 2.733333 2.766667 2.800000 2.833333 2.866667 2.900000 2.933333 2.966667 3.000000 3.033333 3.066667 3.100000 3.133333 3.166667
3.200000 3.233333 3.266667 3.300000 3.333333 3.366667 3.400000 3.433333 3.466667 3.500000 3.533333 3.566667 3.600000 3.633333 3.666667 3.700000
3.733333 3.766667 3.800000 3.833333 3.866667 3.900000 3.933333 3.966667 4.000000 4.033333 4.066667 4.100000 4.133333 4.166667 4.200000 4.233333
4.266667 4.300000 4.333333 4.366667 4.400000 4.433333 4.466667 4.500000 4.533333 4.566667 4.600000 4.633333 4.666667 4.700000 4.733333 4.766667
4.800000 4.833333 4.866667 4.900000 4.933333 4.966667 5.000000 5.033333 5.066667 5.100000 5.133333 5.166667 5.200000 5.233333 5.266667 5.300000
5.333333 5.366667 5.400000 5.433333 5.466667 5.500000 5.533333 5.566667 5.600000 5.633333 5.666667 5.700000 5.733333 5.766667 5.800000 5.833333
5.866667 5.900000 5.933333 5.966667 6.000000 6.033333 6.066667 6.100000 6.133333 6.166667 6.200000 6.233333 6.266667 6.300000 6.333333 6.366667
6.400000 6.433333 6.466667 6.500000 6.533333 6.566667 6.600000 6.633333 6.666667 6.700000 6.733333 6.766667 6.800000 6.833333 6.866667 6.900000
6.933333 6.966667 7.000000 7.033333 7.066667 7.100000 7.133333 7.166667 7.200000 7.233333 7.266667 7.300000 7.333333 7.366667 7.400000 7.433333
7.466667 7.500000 7.533333 7.566667 7.600000 7.633333 7.666667 7.700000 7.733333 7.766667 7.800000 7.833333 7.866667 7.900000 7.933333 7.966667
8.000000 8.033333 8.066667 8.100000 8.133333 8.166667 8.200000 8.233333 8.266667 8.300000 8.333333 8.366667 8.400000 8.433333 8.466667 8.500000
8.533333 8.566667 8.600000 8.633333 8.666667 8.700000 8.733333 8.766667 8.800000 8.833333 8.866667 8.900000 8.933333 8.966667 9.000000 9.033333
9.066667 9.100000 9.133333 9.166667 9.200000 9.233333 9.266667 9.300000</float_array>
          <technique_common>
            <accessor source="#bone_weapon-Matrix-animation-input-array" count="280">
              <param name="TIME" type="float"/>
            </accessor>
          </technique_common>
        </source>
        <source id="bone_weapon-Matrix-animation-output-transform">
          <float_array id="bone_weapon-Matrix-animation-output-transform-array" count="4480">

-0.682707 -0.730692 0.000000 4322.049316 0.730692 -0.682707 0.000000 48.960773 0.000000 0.000000 1.000000 725.450989 0.000000 0.000000 0.000000 1.000000
-0.749072 -0.662489 0.000000 4316.584961 0.662489 -0.749072 0.000000 58.676510 0.000000 0.000000 1.000000 725.605164 0.000000 0.000000 0.000000 1.000000
-0.900915 -0.433995 0.000000 4295.508789 0.433995 -0.900915 0.000000 95.396545 0.000000 0.000000 1.000000 725.903381 0.000000 0.000000 0.000000 1.000000
-0.999957 -0.009231 0.000000 4243.321289 0.009231 -0.999957 0.000000 170.500870 0.000000 0.000000 1.000000 726.099121 0.000000 0.000000 0.000000 1.000000
-0.836800 0.547509 0.000000 4135.583496 -0.547509 -0.836800 0.000000 282.764618 0.000000 0.000000 1.000000 725.945923 0.000000 0.000000 0.000000 1.000000
-0.266204 0.963917 0.000000 3955.927246 -0.963917 -0.266204 0.000000 404.814545 0.000000 0.000000 1.000000 725.197266 0.000000 0.000000 0.000000 1.000000
0.539920 0.841717 0.000000 3727.837158 -0.841717 0.539920 0.000000 493.450317 0.000000 0.000000 1.000000 723.606689 0.000000 0.000000 0.000000 1.000000
0.998296 0.058364 0.000000 3526.513428 -0.058364 0.998296 0.000000 540.124023 0.000000 0.000000 1.000000 720.927673 0.000000 0.000000 0.000000 1.000000
0.565020 -0.825077 0.000000 3422.209229 0.825077 0.565020 0.000000 622.209045 0.000000 0.000000 1.000000 716.913940 0.000000 0.000000 0.000000 1.000000
-0.478954 -0.877840 0.000000 3381.484131 0.877840 -0.478954 0.000000 882.896973 0.000000 0.000000 1.000000 711.318665 0.000000 0.000000 0.000000 1.000000
-0.996458 0.084094 0.000000 3263.287109 -0.084094 -0.996458 0.000000 1351.418091 0.000000 0.000000 1.000000 703.895386 0.000000 0.000000 0.000000 1.000000
-0.286969 0.957940 0.000000 2981.457031 -0.957940 -0.286969 0.000000 1865.872925 0.000000 0.000000 1.000000 694.398193 0.000000 0.000000 0.000000 1.000000
0.801029 0.598625 0.000000 2644.513184 -0.598625 0.801029 0.000000 2259.085693 0.000000 0.000000 1.000000 682.579773 0.000000 0.000000 0.000000 1.000000
0.832474 -0.554064 0.000000 2434.725830 0.554064 0.832474 0.000000 2563.052490 0.000000 0.000000 1.000000 668.193909 0.000000 0.000000 0.000000 1.000000
-0.236555 -0.971618 0.000000 2359.503174 0.971618 -0.236555 0.000000 2946.615234 0.000000 0.000000 1.000000 650.994812 0.000000 0.000000 0.000000 1.000000
-0.991337 -0.131343 0.000000 2242.892334 0.131343 -0.991337 0.000000 3452.230469 0.000000 0.000000 1.000000 630.734863 0.000000 0.000000 0.000000 1.000000
-0.514118 0.857720 0.000000 1971.424438 -0.857720 -0.514118 0.000000 3917.211914 0.000000 0.000000 1.000000 607.168091 0.000000 0.000000 0.000000 1.000000
0.539014 0.842297 0.000000 1629.456421 -0.842297 0.539014 0.000000 4173.323242 0.000000 0.000000 1.000000 580.048706 0.000000 0.000000 0.000000 1.000000
0.999242 -0.038919 0.000000 1365.772095 0.038919 0.999242 0.000000 4214.741211 0.000000 0.000000 1.000000 549.128906 0.000000 0.000000 0.000000 1.000000
0.544487 -0.838770 0.000000 1222.745361 0.838770 0.544487 0.000000 4159.405273 0.000000 0.000000 1.000000 514.874268 0.000000 0.000000 0.000000 1.000000
-0.276704 -0.960955 0.000000 1133.314087 0.960955 -0.276704 0.000000 4100.690918 0.000000 0.000000 1.000000 478.118652 0.000000 0.000000 0.000000 1.000000
-0.852659 -0.522468 0.000001 1022.465271 0.522468 -0.852659 0.000001 4029.909912 0.000000 0.000001 1.000000 439.164734 0.000000 0.000000 0.000000 1.000000
-0.998206 0.059882 -0.000000 868.811890 -0.059882 -0.998206 0.000001 3900.689209 0.000000 0.000001 1.000000 398.318298 0.000000 0.000000 0.000000 1.000000
-0.867557 0.497337 -0.000000 693.625366 -0.497337 -0.867557 0.000001 3682.762451 0.000000 0.000001 1.000000 355.885529 0.000000 0.000000 0.000000 1.000000
-0.662445 0.749111 -0.000001 524.135193 -0.749111 -0.662445 0.000001 3377.004639 0.000000 0.000001 1.000000 312.168671 0.000000 0.000000 0.000000 1.000000
-0.478498 0.878089 -0.000001 374.249451 -0.878089 -0.478498 0.000000 2997.345459 0.000000 0.000001 1.000000 267.473755 0.000000 0.000000 0.000000 1.000000
-0.334893 0.942256 -0.000001 248.264130 -0.942256 -0.334893 0.000000 2558.670898 -0.000000 0.000001 1.000000 222.107010 0.000000 0.000000 0.000000 1.000000
-0.221986 0.975050 -0.000001 146.842987 -0.975050 -0.221986 0.000000 2074.298096 0.000000 0.000001 1.000000 176.370499 0.000000 0.000000 0.000000 1.000000
-0.139747 0.990187 -0.000001 71.868759 -0.990187 -0.139747 0.000000 1554.320313 0.000000 0.000001 1.000000 130.570389 0.000000 0.000000 0.000000 1.000000
-0.090123 0.995931 -0.000001 25.469633 -0.995931 -0.090123 0.000000 1008.150696 0.000000 0.000001 1.000000 85.012871 0.000000 0.000000 0.000000 1.000000
-0.073594 0.997288 -0.000001 9.585695 -0.997288 -0.073594 0.000000 444.742676 0.000000 0.000001 1.000000 40.000000 0.000000 0.000000 0.000000 1.000000
-0.095235 0.995455 -0.000001 20.142956 -0.995455 -0.095235 0.000000 444.512207 0.000000 0.000001 1.000000 40.000000 0.000000 0.000000 0.000000 1.000000
-0.116829 0.993152 -0.000001 30.694258 -0.993152 -0.116829 0.000000 444.222748 0.000000 0.000001 1.000000 40.000000 0.000000 0.000000 0.000000 1.000000
-0.095235 0.995455 -0.000001 20.142851 -0.995455 -0.095235 0.000000 444.512207 -0.000000 0.000001 1.000000 40.000000 0.000000 0.000000 0.000000 1.000000
-0.073594 0.997288 -0.000001 9.585695 -0.997288 -0.073594 0.000000 444.742676 0.000000 0.000001 1.000000 40.000000 0.000000 0.000000 0.000000 1.000000
-0.073594 0.997288 -0.000001 9.585695 -0.997288 -0.073594 0.000000 444.742676 0.000000 0.000001 1.000000 40.000000 0.000000 0.000000 0.000000 1.000000
-0.073594 0.997288 -0.000001 9.585695 -0.997288 -0.073594 0.000000 444.742676 0.000000 0.000001 1.000000 40.000000 0.000000 0.000000 0.000000 1.000000
-0.073594 0.997288 -0.000001 9.585695 -0.997288 -0.073594 0.000000 444.742676 0.000000 0.000001 1.000000 40.000000 0.000000 0.000000 0.000000 1.000000
-0.073594 0.997288 -0.000001 9.585695 -0.997288 -0.073594 0.000000 444.742676 0.000000 0.000001 1.000000 40.000000 0.000000 0.000000 0.000000 1.000000
-0.073594 0.997288 -0.000001 9.585695 -0.997288 -0.073594 0.000000 444.742676 0.000000 0.000001 1.000000 40.000000 0.000000 0.000000 0.000000 1.000000
-0.073594 0.997288 -0.000001 9.585695 -0.997288 -0.073594 0.000000 444.742676 0.000000 0.000001 1.000000 40.000000 0.000000 0.000000 0.000000 1.000000
-0.073594 0.997288 -0.000001 9.585695 -0.997288 -0.073594 0.000000 444.742676 0.000000 0.000001 1.000000 40.000000 0.000000 0.000000 0.000000 1.000000
-0.073594 0.997288 -0.000001 9.585695 -0.997288 -0.073594 0.000000 444.742676 0.000000 0.000001 1.000000 40.000000 0.000000 0.000000 0.000000 1.000000
-0.073594 0.997288 -0.000001 9.585695 -0.997288 -0.073594 0.000000 444.742676 0.000000 0.000001 1.000000 40.000000 0.000000 0.000000 0.000000 1.000000
-0.073594 0.997288 -0.000001 9.585695 -0.997288 -0.073594 0.000000 444.742676 0.000000 0.000001 1.000000 40.000000 0.000000 0.000000 0.000000 1.000000
-0.073594 0.997288 -0.000001 9.585695 -0.997288 -0.073594 0.000000 444.742676 0.000000 0.000001 1.000000 40.000000 0.000000 0.000000 0.000000 1.000000
-0.073594 0.997288 -0.000001 9.585695 -0.997288 -0.073594 0.000000 444.742676 0.000000 0.000001 1.000000 40.000000 0.000000 0.000000 0.000000 1.000000
-0.073594 0.997288 -0.000001 9.585695 -0.997288 -0.073594 0.000000 444.742676 0.000000 0.000001 1.000000 40.000000 0.000000 0.000000 0.000000 1.000000
-0.073594 0.997288 -0.000001 9.585695 -0.997288 -0.073594 0.000000 444.742676 0.000000 0.000001 1.000000 40.000000 0.000000 0.000000 0.000000 1.000000
-0.073594 0.997288 -0.000001 9.585695 -0.997288 -0.073594 0.000000 444.742676 0.000000 0.000001 1.000000 40.000000 0.000000 0.000000 0.000000 1.000000
-0.073594 0.997288 -0.000001 9.585695 -0.997288 -0.073594 0.000000 444.742676 0.000000 0.000001 1.000000 40.000000 0.000000 0.000000 0.000000 1.000000
-0.073594 0.997288 -0.000001 9.585695 -0.997288 -0.073594 0.000000 444.742676 0.000000 0.000001 1.000000 40.000000 0.000000 0.000000 0.000000 1.000000
-0.073594 0.997288 -0.000001 9.585695 -0.997288 -0.073594 0.000000 444.742676 0.000000 0.000001 1.000000 40.000000 0.000000 0.000000 0.000000 1.000000
-0.073594 0.997288 -0.000001 9.585695 -0.997288 -0.073594 0.000000 444.742676 0.000000 0.000001 1.000000 40.000000 0.000000 0.000000 0.000000 1.000000
-0.073594 0.997288 -0.000001 9.585695 -0.997288 -0.073594 0.000000 444.742676 0.000000 0.000001 1.000000 40.000000 0.000000 0.000000 0.000000 1.000000
-0.073594 0.997288 -0.000001 9.585695 -0.997288 -0.073594 0.000000 444.742676 0.000000 0.000001 1.000000 40.000000 0.000000 0.000000 0.000000 1.000000
-0.073594 0.997288 -0.000001 9.585695 -0.997288 -0.073594 0.000000 444.742676 0.000000 0.000001 1.000000 40.000000 0.000000 0.000000 0.000000 1.000000
-0.073594 0.997288 -0.000001 9.585695 -0.997288 -0.073594 0.000000 444.742676 0.000000 0.000001 1.000000 40.000000 0.000000 0.000000 0.000000 1.000000
-0.073594 0.997288 -0.000001 9.585695 -0.997288 -0.073594 0.000000 444.742676 0.000000 0.000001 1.000000 40.000000 0.000000 0.000000 0.000000 1.000000
-0.073594 0.997288 -0.000001 9.585695 -0.997288 -0.073594 0.000000 444.742676 0.000000 0.000001 1.000000 40.000000 0.000000 0.000000 0.000000 1.000000
-0.073594 0.997288 -0.000001 9.585695 -0.997288 -0.073594 0.000000 444.742676 0.000000 0.000001 1.000000 40.000000 0.000000 0.000000 0.000000 1.000000
-0.073594 0.997288 -0.000001 9.585695 -0.997288 -0.073594 0.000000 444.742676 0.000000 0.000001 1.000000 40.000000 0.000000 0.000000 0.000000 1.000000
-0.073594 0.997288 -0.000001 9.585695 -0.997288 -0.073594 0.000000 444.742676 0.000000 0.000001 1.000000 40.000000 0.000000 0.000000 0.000000 1.000000
-0.073594 0.997288 -0.000001 9.585695 -0.997288 -0.073594 0.000000 444.742676 0.000000 0.000001 1.000000 40.000000 0.000000 0.000000 0.000000 1.000000
-0.073593 0.997288 -0.000001 9.585175 -0.997288 -0.073593 0.000000 444.742523 -0.000000 0.000001 1.000000 40.000042 0.000000 0.000000 0.000000 1.000000
0.064500 0.997901 -0.005744 -42.509815 -0.997913 0.064480 -0.003462 430.794830 -0.003084 0.005955 0.999978 44.178959 0.000000 0.000000 0.000000 1.000000
0.526289 0.837674 0.146018 -142.080536 -0.849180 0.508951 0.140932 378.579071 0.043739 -0.198166 0.979192 86.689240 0.000000 0.000000 0.000000 1.000000
0.849068 0.525217 0.056835 -194.360535 -0.525459 0.828518 0.193521 339.539490 0.054552 -0.194177 0.979448 101.267242 0.000000 0.000000 0.000000 1.000000
0.939734 0.341722 -0.011185 -257.899231 -0.340182 0.937778 0.069635 322.122833 0.034285 -0.061633 0.997510 113.144547 0.000000 0.000000 0.000000 1.000000
0.974740 0.223162 0.008989 -383.776520 -0.219400 0.949224 0.225471 319.850922 0.041784 -0.221748 0.974208 160.028336 0.000000 0.000000 0.000000 1.000000
0.989886 0.140889 -0.016642 -512.957275 -0.127024 0.932429 0.338290 313.243744 0.063179 -0.332754 0.940895 199.788742 0.000000 0.000000 0.000000 1.000000
0.990176 0.086590 -0.109786 -598.594299 -0.054054 0.961180 0.270576 289.822845 0.128953 -0.261984 0.956418 223.261566 0.000000 0.000000 0.000000 1.000000
0.973307 0.022358 -0.228415 -678.830139 0.021669 0.981845 0.188443 260.228363 0.228481 -0.188362 0.955152 247.336166 0.000000 0.000000 0.000000 1.000000
0.959308 -0.012719 -0.282076 -757.151123 0.042217 0.994217 0.098744 245.730347 0.279189 -0.106634 0.954297 260.758728 0.000000 0.000000 0.000000 1.000000
0.953721 0.030099 -0.299183 -837.215637 -0.052457 0.996374 -0.066980 242.527618 0.296082 0.079574 0.951842 252.570816 0.000000 0.000000 0.000000 1.000000
0.923170 0.065776 -0.378722 -919.005920 -0.174214 0.949846 -0.259695 239.693207 0.342646 0.305721 0.888329 224.385071 0.000000 0.000000 0.000000 1.000000
0.765753 0.033343 -0.642270 -987.946045 -0.283019 0.914230 -0.289970 254.403610 0.577514 0.403820 0.709512 169.607269 0.000000 0.000000 0.000000 1.000000
0.433416 0.099823 -0.895649 -1045.515381 -0.295626 0.954600 -0.036664 303.691589 0.851326 0.280667 0.443249 111.104538 0.000000 0.000000 0.000000 1.000000
0.001832 0.324993 -0.945714 -1094.870483 -0.066704 0.943650 0.324153 330.393250 0.997771 0.062489 0.023407 55.296612 0.000000 0.000000 0.000000 1.000000
-0.453189 0.566954 -0.687883 -1142.345337 0.369709 0.821721 0.433693 321.481140 0.811132 -0.057771 -0.582003 25.644554 0.000000 0.000000 0.000000 1.000000
-0.665783 0.715178 -0.212727 -1211.857910 0.679905 0.698935 0.221852 307.782684 0.307346 0.003071 -0.951593 29.899469 0.000000 0.000000 0.000000 1.000000
-0.518046 0.811993 0.268876 -1309.524414 0.838918 0.543660 -0.025477 301.314514 -0.166865 0.212367 -0.962837 40.826138 0.000000 0.000000 0.000000 1.000000
-0.105997 0.807515 0.580245 -1428.669067 0.909459 0.314671 -0.271784 299.042389 -0.402056 0.498901 -0.767755 29.883415 0.000000 0.000000 0.000000 1.000000
0.233821 0.741181 0.629268 -1499.050537 0.830962 0.183693 -0.525127 307.541901 -0.504806 0.645684 -0.572942 -30.713207 0.000000 0.000000 0.000000 1.000000
0.387073 0.602171 0.698258 -1538.639282 0.604685 0.405920 -0.685263 343.637543 -0.696082 0.687473 -0.207003 -76.011238 0.000000 0.000000 0.000000 1.000000
0.513321 0.401440 0.758517 -1579.869629 0.459589 0.617837 -0.638010 347.660553 -0.724762 0.676109 0.132651 -136.925491 0.000000 0.000000 0.000000 1.000000
0.505841 0.379721 0.774556 -1599.989136 0.437230 0.661159 -0.609671 333.164307 -0.743609 0.647057 0.168416 -198.533127 0.000000 0.000000 0.000000 1.000000
0.442467 0.372117 0.815936 -1605.006714 0.383693 0.743808 -0.547292 322.526947 -0.810557 0.555228 0.186332 -255.389587 0.000000 0.000000 0.000000 1.000000
0.348365 0.340686 0.873255 -1604.899780 0.277640 0.852306 -0.443272 316.059906 -0.895297 0.396871 0.202326 -309.365814 0.000000 0.000000 0.000000 1.000000
0.237374 0.201669 0.950254 -1600.630127 0.108962 0.966512 -0.232339 308.154633 -0.965287 0.158693 0.207451 -359.914154 0.000000 0.000000 0.000000 1.000000
0.153040 -0.054267 0.986729 -1587.676636 -0.076026 0.994886 0.066507 297.496490 -0.985291 -0.085195 0.148132 -403.309967 0.000000 0.000000 0.000000 1.000000
0.099997 -0.305452 0.946942 -1563.822876 -0.214263 0.922774 0.320283 292.868378 -0.971644 -0.234922 0.026828 -443.232849 0.000000 0.000000 0.000000 1.000000
0.027009 -0.421341 0.906500 -1538.567505 -0.278093 0.867867 0.411669 296.900391 -0.960174 -0.263211 -0.093732 -485.216248 0.000000 0.000000 0.000000 1.000000
-0.087931 -0.425263 0.900788 -1513.848145 -0.281377 0.878068 0.387070 303.147125 -0.955560 -0.219426 -0.196869 -528.646301 0.000000 0.000000 0.000000 1.000000
-0.217910 -0.398246 0.891019 -1486.935181 -0.266138 0.902607 0.338337 308.699341 -0.938982 -0.163407 -0.302675 -573.161072 0.000000 0.000000 0.000000 1.000000
-0.349459 -0.329030 0.877278 -1462.450195 -0.225776 0.938293 0.261977 310.795227 -0.909342 -0.106518 -0.402181 -621.131348 0.000000 0.000000 0.000000 1.000000
-0.470662 -0.229837 0.851853 -1443.082764 -0.149954 0.972267 0.179474 300.187256 -0.869478 -0.043267 -0.492074 -671.823730 0.000000 0.000000 0.000000 1.000000
-0.568528 -0.123807 0.813294 -1428.979004 -0.051369 0.992024 0.115105 277.255585 -0.821059 0.023662 -0.570353 -722.488037 0.000000 0.000000 0.000000 1.000000
-0.634321 -0.024507 0.772681 -1419.836914 0.045332 0.996598 0.068824 252.818039 -0.771740 0.078683 -0.631052 -773.635010 0.000000 0.000000 0.000000 1.000000
-0.671377 0.053002 0.739218 -1412.372070 0.117515 0.992434 0.035573 254.287048 -0.731740 0.110752 -0.672526 -824.812012 0.000000 0.000000 0.000000 1.000000
-0.684880 0.093815 0.722592 -1403.624023 0.151525 0.988335 0.015300 264.723602 -0.712727 0.119969 -0.691106 -875.750916 0.000000 0.000000 0.000000 1.000000
-0.688001 0.097871 0.719080 -1393.442993 0.158612 0.987188 0.017394 260.149963 -0.708164 0.126022 -0.694710 -925.268799 0.000000 0.000000 0.000000 1.000000
-0.686892 0.075596 0.722818 -1381.211792 0.151143 0.987689 0.040333 257.600098 -0.710870 0.136953 -0.689861 -975.721863 0.000000 0.000000 0.000000 1.000000
-0.672244 0.023142 0.739969 -1366.875854 0.120577 0.989588 0.078593 258.825439 -0.730445 0.142057 -0.668034 -1032.808228 0.000000 0.000000 0.000000 1.000000
-0.626363 -0.062171 0.777049 -1350.355225 0.060820 0.989878 0.128226 267.532074 -0.777156 0.127576 -0.616241 -1102.325684 0.000000 0.000000 0.000000 1.000000
-0.541722 -0.163404 0.824522 -1335.032715 -0.017777 0.982930 0.183117 281.983276 -0.840370 0.084541 -0.535380 -1176.892700 0.000000 0.000000 0.000000 1.000000
-0.433753 -0.255105 0.864164 -1324.204834 -0.098427 0.966758 0.235987 295.515442 -0.895639 0.017303 -0.444444 -1244.819824 0.000000 0.000000 0.000000 1.000000
-0.328010 -0.328426 0.885746 -1319.278809 -0.174997 0.942517 0.284671 298.424652 -0.928324 -0.061628 -0.366629 -1299.915161 0.000000 0.000000 0.000000 1.000000
-0.235835 -0.382251 0.893458 -1315.038940 -0.251998 0.911997 0.323665 289.483978 -0.938551 -0.148818 -0.311407 -1351.392334 0.000000 0.000000 0.000000 1.000000
-0.158392 -0.408612 0.898859 -1301.796631 -0.324815 0.881245 0.343368 279.894897 -0.932420 -0.237576 -0.272306 -1411.716431 0.000000 0.000000 0.000000 1.000000
-0.099581 -0.407361 0.907822 -1241.656860 -0.384825 0.857130 0.342402 293.858002 -0.917602 -0.315256 -0.242116 -1513.962524 0.000000 0.000000 0.000000 1.000000
-0.046234 -0.390037 0.919638 -1195.657104 -0.432254 0.837780 0.333588 292.599487 -0.900566 -0.382094 -0.207329 -1577.762085 0.000000 0.000000 0.000000 1.000000
0.007407 -0.367183 0.930119 -1155.884644 -0.467170 0.821127 0.327877 288.136536 -0.884137 -0.436952 -0.165455 -1626.283081 0.000000 0.000000 0.000000 1.000000
0.050002 -0.341872 0.938416 -1108.830688 -0.485302 0.812894 0.322003 288.203491 -0.872916 -0.471515 -0.125264 -1671.579224 0.000000 0.000000 0.000000 1.000000
0.094889 -0.312115 0.945294 -1061.842041 -0.493452 0.809962 0.316964 290.853271 -0.864582 -0.496533 -0.077157 -1714.219604 0.000000 0.000000 0.000000 1.000000
0.146367 -0.279053 0.949055 -1014.425232 -0.499128 0.807478 0.314403 298.638153 -0.854077 -0.519718 -0.021095 -1747.720825 0.000000 0.000000 0.000000 1.000000
0.201519 -0.241556 0.949232 -962.684021 -0.509206 0.802024 0.312198 302.554901 -0.836719 -0.546269 0.038621 -1781.319702 0.000000 0.000000 0.000000 1.000000
0.260368 -0.200785 0.944401 -907.737610 -0.517979 0.796414 0.312127 313.956055 -0.814805 -0.570448 0.103358 -1811.946899 0.000000 0.000000 0.000000 1.000000
0.333606 -0.149377 0.930803 -852.091309 -0.520852 0.793774 0.314064 332.235504 -0.785762 -0.589583 0.187004 -1838.273438 0.000000 0.000000 0.000000 1.000000
0.411814 -0.081133 0.907649 -796.102112 -0.524800 0.793158 0.309008 350.480438 -0.744979 -0.603588 0.284055 -1862.735718 0.000000 0.000000 0.000000 1.000000
0.479489 0.007119 0.877519 -734.921326 -0.541205 0.789552 0.289317 363.998810 -0.690787 -0.613642 0.382434 -1880.440430 0.000000 0.000000 0.000000 1.000000
0.545267 0.140271 0.826444 -660.388855 -0.568789 0.786123 0.241846 371.741302 -0.615762 -0.601942 0.508431 -1893.454590 0.000000 0.000000 0.000000 1.000000
0.610568 0.290085 0.736924 -575.067261 -0.576419 0.800869 0.162328 376.077545 -0.543091 -0.523889 0.656196 -1893.595215 0.000000 0.000000 0.000000 1.000000
0.664324 0.386293 0.639884 -492.426849 -0.552896 0.830054 0.072916 377.555084 -0.502971 -0.402229 0.765005 -1875.702881 0.000000 0.000000 0.000000 1.000000
0.720805 0.400843 0.565479 -417.798798 -0.489012 0.872262 0.005025 371.093597 -0.491232 -0.280148 0.824747 -1846.072144 0.000000 0.000000 0.000000 1.000000
0.777587 0.368279 0.509637 -343.095459 -0.396853 0.916140 -0.056526 356.019226 -0.487716 -0.158297 0.858531 -1806.947510 0.000000 0.000000 0.000000 1.000000
0.817408 0.349408 0.457993 -259.032745 -0.329782 0.935708 -0.125279 342.242828 -0.472321 -0.048634 0.880084 -1766.359741 0.000000 0.000000 0.000000 1.000000
0.866723 0.310958 0.389997 -163.075348 -0.284247 0.950422 -0.126101 324.950989 -0.409874 -0.001561 0.912141 -1713.058472 0.000000 0.000000 0.000000 1.000000
0.924752 0.238094 0.296893 -61.270443 -0.230919 0.971149 -0.059556 300.827118 -0.302507 -0.013484 0.953052 -1640.481079 0.000000 0.000000 0.000000 1.000000
0.959766 0.208756 0.187803 33.249477 -0.203784 0.977952 -0.045625 292.151062 -0.193187 0.005518 0.981146 -1558.330811 0.000000 0.000000 0.000000 1.000000
0.975066 0.221365 0.015611 109.403893 -0.218151 0.969055 -0.115506 315.394714 -0.040697 0.109220 0.993184 -1473.368042 0.000000 0.000000 0.000000 1.000000
0.950114 0.206839 -0.233455 178.869003 -0.253955 0.947556 -0.194020 354.565186 0.181081 0.243628 0.952815 -1389.959106 0.000000 0.000000 0.000000 1.000000
0.870323 0.144882 -0.470687 247.799210 -0.288421 0.924644 -0.248690 390.923035 0.399187 0.352197 0.846526 -1316.202393 0.000000 0.000000 0.000000 1.000000
0.756390 0.047016 -0.652429 318.529968 -0.304472 0.908082 -0.287549 415.475098 0.578939 0.416146 0.701179 -1252.904663 0.000000 0.000000 0.000000 1.000000
0.632108 -0.052356 -0.773109 383.013245 -0.317961 0.892325 -0.320401 430.579498 0.706640 0.448346 0.547399 -1190.104614 0.000000 0.000000 0.000000 1.000000
0.547406 -0.095246 -0.831430 430.837982 -0.342792 0.880812 -0.326595 435.598358 0.763440 0.463787 0.449512 -1130.357788 0.000000 0.000000 0.000000 1.000000
0.503590 0.086662 -0.859585 457.890839 -0.477790 0.856893 -0.193524 425.144257 0.719802 0.508157 0.472929 -1068.249512 0.000000 0.000000 0.000000 1.000000
0.394028 0.372035 -0.840435 467.311584 -0.625935 0.778204 0.051025 392.658173 0.673013 0.505952 0.539504 -1014.640381 0.000000 0.000000 0.000000 1.000000
0.189436 0.479931 -0.856610 484.789032 -0.592964 0.751278 0.289785 348.131653 0.782629 0.453043 0.426901 -982.167236 0.000000 0.000000 0.000000 1.000000
-0.096675 0.481894 -0.870880 516.007324 -0.389680 0.786805 0.478630 301.280640 0.915862 0.385636 0.111721 -946.982910 0.000000 0.000000 0.000000 1.000000
-0.307409 0.468004 -0.828536 525.729431 -0.230876 0.807999 0.542064 257.589905 0.923144 0.357925 -0.140336 -900.480896 0.000000 0.000000 0.000000 1.000000
-0.457295 0.457434 -0.762650 517.955750 -0.041550 0.845644 0.532127 227.330307 0.888344 0.275027 -0.367702 -856.711609 0.000000 0.000000 0.000000 1.000000
-0.499104 0.451114 -0.739859 491.873871 0.027564 0.861640 0.506772 226.007095 0.866104 0.232538 -0.442482 -828.333130 0.000000 0.000000 0.000000 1.000000
-0.496596 0.439606 -0.748425 459.469910 -0.004584 0.860917 0.508724 243.885361 0.867970 0.256061 -0.425513 -810.032166 0.000000 0.000000 0.000000 1.000000
-0.507459 0.446901 -0.736726 427.140961 0.060951 0.871467 0.486652 259.937164 0.859517 0.202052 -0.469473 -786.478882 0.000000 0.000000 0.000000 1.000000
-0.518752 0.463071 -0.718653 397.500244 0.135456 0.874504 0.465718 275.290039 0.844126 0.144246 -0.516377 -765.079102 0.000000 0.000000 0.000000 1.000000
-0.514563 0.474771 -0.714015 370.763641 0.141882 0.868382 0.475165 276.243378 0.845632 0.143197 -0.514199 -750.314514 0.000000 0.000000 0.000000 1.000000
-0.501507 0.483006 -0.717771 344.360931 0.142937 0.864503 0.481875 271.237732 0.853264 0.139068 -0.502594 -743.642029 0.000000 0.000000 0.000000 1.000000
-0.489485 0.489356 -0.721758 316.224731 0.143531 0.861617 0.486842 266.311829 0.860118 0.134707 -0.491987 -740.423584 0.000000 0.000000 0.000000 1.000000
-0.485803 0.490626 -0.723382 284.070618 0.142260 0.860950 0.488392 264.434601 0.862414 0.134354 -0.488049 -735.309570 0.000000 0.000000 0.000000 1.000000
-0.484364 0.493367 -0.722482 242.795059 0.144815 0.859641 0.489944 263.134491 0.862798 0.132685 -0.487826 -722.861084 0.000000 0.000000 0.000000 1.000000
-0.543672 0.422696 -0.725085 209.615570 -0.140392 0.805945 0.575102 325.821228 0.827473 0.414463 -0.378827 -703.922607 0.000000 0.000000 0.000000 1.000000
-0.614729 0.172831 -0.769569 174.902588 -0.376246 0.793276 0.478699 414.368713 0.693214 0.583819 -0.422622 -644.279663 0.000000 0.000000 0.000000 1.000000
-0.623230 -0.069961 -0.778903 100.574608 -0.369595 0.904090 0.214522 482.049652 0.689191 0.421575 -0.589314 -558.201477 0.000000 0.000000 0.000000 1.000000
-0.517632 -0.258848 -0.815509 -1.033950 -0.391895 0.919007 -0.042949 527.995117 0.760576 0.297361 -0.577149 -486.516266 0.000000 0.000000 0.000000 1.000000
-0.411289 -0.242433 -0.878673 -100.656471 -0.195425 0.965019 -0.174782 474.298523 0.890309 0.099829 -0.444279 -424.978088 0.000000 0.000000 0.000000 1.000000
-0.220997 -0.122603 -0.967538 -198.871033 0.214699 0.961614 -0.170892 343.403595 0.951349 -0.245496 -0.186191 -363.090851 0.000000 0.000000 0.000000 1.000000
-0.004328 -0.124540 -0.992205 -285.807343 0.449476 0.886093 -0.113182 248.618500 0.893281 -0.446463 0.052143 -326.200409 0.000000 0.000000 0.000000 1.000000
0.360186 -0.141772 -0.922045 -399.021484 0.430830 0.901947 0.029617 200.975708 0.827437 -0.407912 0.385948 -344.897125 0.000000 0.000000 0.000000 1.000000
0.831647 -0.086381 -0.548545 -577.764465 0.264028 0.930535 0.253758 170.756271 0.488521 -0.355868 0.796684 -362.905914 0.000000 0.000000 0.000000 1.000000
0.985117 -0.171407 -0.012835 -731.032227 0.163871 0.914019 0.371101 156.816437 -0.051878 -0.367681 0.928504 -315.710693 0.000000 0.000000 0.000000 1.000000
0.979244 -0.091583 0.180813 -789.482056 0.010099 0.913030 0.407767 168.647324 -0.202433 -0.397477 0.895005 -291.863281 0.000000 0.000000 0.000000 1.000000
0.978949 0.200206 0.039693 -791.431946 -0.188839 0.814653 0.548343 198.235321 0.077446 -0.544296 0.835311 -326.504364 0.000000 0.000000 0.000000 1.000000
0.960152 0.279436 -0.004970 -787.116943 -0.216932 0.756364 0.617134 211.997330 0.176208 -0.591464 0.786842 -336.198181 0.000000 0.000000 0.000000 1.000000
0.945975 0.324239 -0.000575 -784.840088 -0.246375 0.719955 0.648817 224.756805 0.210786 -0.613623 0.760944 -338.282104 0.000000 0.000000 0.000000 1.000000
0.911654 0.392468 0.121884 -744.804077 -0.381240 0.696942 0.607394 262.967712 0.153437 -0.600200 0.784995 -286.020294 0.000000 0.000000 0.000000 1.000000
0.804128 0.508008 0.308717 -630.608398 -0.593074 0.650200 0.474872 331.829895 0.040511 -0.564950 0.824130 -236.210220 0.000000 0.000000 0.000000 1.000000
0.694425 0.593675 0.406600 -464.043762 -0.713949 0.638923 0.286452 396.473480 -0.089727 -0.489211 0.867538 -189.222214 0.000000 0.000000 0.000000 1.000000
0.733348 0.525295 0.431585 -283.376617 -0.636056 0.754292 0.162714 436.990112 -0.240068 -0.393838 0.887276 -138.958679 0.000000 0.000000 0.000000 1.000000
0.822265 0.299418 0.483973 -100.638084 -0.412028 0.899826 0.143341 459.403931 -0.392572 -0.317275 0.863264 -81.613617 0.000000 0.000000 0.000000 1.000000
0.868056 0.132246 0.478530 77.294670 -0.246462 0.951501 0.184127 474.846375 -0.430972 -0.277771 0.858549 -29.822584 0.000000 0.000000 0.000000 1.000000
0.915646 0.005687 0.401945 233.474045 -0.053469 0.992738 0.107759 473.372223 -0.398413 -0.120161 0.909301 24.622133 0.000000 0.000000 0.000000 1.000000
0.932198 -0.301505 0.200253 382.171936 0.331636 0.933133 -0.138855 434.391998 -0.144997 0.195852 0.969855 75.382225 0.000000 0.000000 0.000000 1.000000
0.791600 -0.584400 -0.178458 543.747070 0.479385 0.775062 -0.411665 380.629730 0.378893 0.240324 0.893691 121.721123 0.000000 0.000000 0.000000 1.000000
0.585970 -0.532253 -0.611020 699.558655 0.246434 0.835371 -0.491351 325.724274 0.771951 0.137341 0.620668 184.802856 0.000000 0.000000 0.000000 1.000000
0.261453 -0.262416 -0.928860 852.825623 -0.017270 0.960907 -0.276331 257.937042 0.965061 0.088289 0.246700 286.082550 0.000000 0.000000 0.000000 1.000000
0.002321 0.014497 -0.999892 931.297363 -0.201289 0.979436 0.013733 219.924469 0.979529 0.201235 0.005191 406.778625 0.000000 0.000000 0.000000 1.000000
-0.065190 0.125010 -0.990012 934.152771 -0.368837 0.918843 0.140311 228.322754 0.927205 0.374300 -0.013791 412.546936 0.000000 0.000000 0.000000 1.000000
-0.019133 0.131980 -0.991068 922.553040 -0.367095 0.921090 0.129748 226.949982 0.929987 0.366299 0.030826 409.285339 0.000000 0.000000 0.000000 1.000000
0.016702 0.129653 -0.991419 912.960144 -0.391043 0.913426 0.112866 235.527847 0.920221 0.385802 0.065956 407.321136 0.000000 0.000000 0.000000 1.000000
0.036137 0.120140 -0.992099 907.922302 -0.402788 0.910291 0.095562 242.136688 0.914580 0.396152 0.081286 406.462830 0.000000 0.000000 0.000000 1.000000
0.127825 0.327167 -0.936281 861.179382 -0.449817 0.860474 0.239266 261.386841 0.883926 0.390571 0.257155 408.962128 0.000000 0.000000 0.000000 1.000000
0.316759 0.572059 -0.756579 748.593201 -0.547105 0.761782 0.346935 318.013275 0.774815 0.304034 0.554278 424.169708 0.000000 0.000000 0.000000 1.000000
0.450324 0.534495 -0.715209 615.342834 -0.508582 0.811930 0.286554 372.431641 0.733862 0.234700 0.637466 439.532013 0.000000 0.000000 0.000000 1.000000
0.425412 0.213678 -0.879413 499.315796 -0.250869 0.961490 0.112263 397.439514 0.869534 0.172860 0.462634 411.782593 0.000000 0.000000 0.000000 1.000000
0.321201 -0.076539 -0.943913 419.503937 -0.034023 0.995152 -0.092271 407.842377 0.946399 0.061752 0.317040 362.650146 0.000000 0.000000 0.000000 1.000000
0.263403 -0.167073 -0.950108 381.613800 0.031658 0.985855 -0.164583 413.333282 0.964166 0.013273 0.264966 339.884033 0.000000 0.000000 0.000000 1.000000
0.270538 -0.188562 -0.944063 360.869202 0.071139 0.981866 -0.175726 413.730713 0.960077 -0.019619 0.279046 338.084839 0.000000 0.000000 0.000000 1.000000
0.279364 -0.209128 -0.937134 344.550079 0.108646 0.976610 -0.185550 413.394684 0.954019 -0.049980 0.295550 337.758850 0.000000 0.000000 0.000000 1.000000
0.289312 -0.229387 -0.929344 331.636139 0.144234 0.970225 -0.194576 412.442963 0.946306 -0.077750 0.313783 338.471252 0.000000 0.000000 0.000000 1.000000
0.300069 -0.249158 -0.920803 321.165466 0.177330 0.963030 -0.202796 411.043518 0.937290 -0.102433 0.333159 339.848785 0.000000 0.000000 0.000000 1.000000
0.311624 -0.267751 -0.911701 312.171570 0.206914 0.955575 -0.209912 409.408691 0.927404 -0.123230 0.353181 341.547150 0.000000 0.000000 0.000000 1.000000
0.324301 -0.284115 -0.902279 303.643433 0.231675 0.948636 -0.215443 407.780640 0.917145 -0.139167 0.373466 343.226959 0.000000 0.000000 0.000000 1.000000
0.338700 -0.296970 -0.892800 294.511230 0.250114 0.943162 -0.218836 406.421295 0.907042 -0.149182 0.393725 344.542908 0.000000 0.000000 0.000000 1.000000
0.355614 -0.304862 -0.883514 283.653870 0.260571 0.940164 -0.219530 405.613281 0.897575 -0.152150 0.413774 345.147919 0.000000 0.000000 0.000000 1.000000
0.375841 -0.306184 -0.874639 269.930389 0.261181 0.940574 -0.217034 405.678619 0.889116 -0.146869 0.433476 344.710358 0.000000 0.000000 0.000000 1.000000
0.150103 -0.520177 -0.840764 394.869507 0.022562 0.851980 -0.523088 441.936432 0.988413 0.059547 0.139621 429.737000 0.000000 0.000000 0.000000 1.000000
-0.022179 -0.250657 -0.967821 308.919769 0.184984 0.950315 -0.250362 328.413513 0.982491 -0.184584 0.025290 574.168640 0.000000 0.000000 0.000000 1.000000
-0.324173 -0.144041 -0.934967 219.528671 -0.170846 0.981003 -0.091898 306.117310 0.930442 0.129945 -0.342624 668.863342 0.000000 0.000000 0.000000 1.000000
-0.692528 -0.158152 -0.703841 113.106003 -0.344117 0.929935 0.129631 242.390457 0.634025 0.331977 -0.698429 834.494141 0.000000 0.000000 0.000000 1.000000
-0.852063 -0.139921 -0.504392 52.387840 -0.327089 0.894634 0.304372 200.040329 0.408658 0.424325 -0.808051 919.851379 0.000000 0.000000 0.000000 1.000000
-0.881060 -0.146995 -0.449585 46.509937 -0.315129 0.891241 0.326165 194.526031 0.352744 0.429048 -0.831559 924.542664 0.000000 0.000000 0.000000 1.000000
-0.904308 -0.153134 -0.398468 40.800236 -0.302451 0.888569 0.344917 189.696365 0.301248 0.432428 -0.849856 928.397522 0.000000 0.000000 0.000000 1.000000
-0.922789 -0.158323 -0.351277 35.347481 -0.289487 0.886536 0.360903 185.512955 0.254280 0.434727 -0.863918 931.522766 0.000000 0.000000 0.000000 1.000000
-0.937359 -0.162584 -0.308099 30.218138 -0.276577 0.885054 0.374412 181.927765 0.211811 0.436172 -0.874580 934.022827 0.000000 0.000000 0.000000 1.000000
-0.948759 -0.165959 -0.268911 25.459837 -0.263970 0.884038 0.385743 178.886383 0.173710 0.436962 -0.882547 935.996765 0.000000 0.000000 0.000000 1.000000
-0.957621 -0.168509 -0.233597 21.103807 -0.251848 0.883405 0.395182 176.329987 0.139769 0.437265 -0.888405 937.537659 0.000000 0.000000 0.000000 1.000000
-0.964469 -0.170301 -0.201980 17.167395 -0.240327 0.883081 0.403003 174.197067 0.109733 0.437225 -0.892632 938.731873 0.000000 0.000000 0.000000 1.000000
-0.969741 -0.171420 -0.173834 13.657456 -0.229485 0.882994 0.409461 172.425537 0.083305 0.436963 -0.895614 939.658386 0.000000 0.000000 0.000000 1.000000
-0.973788 -0.171944 -0.148904 10.572199 -0.219354 0.883082 0.414790 170.953384 0.060174 0.436580 -0.897651 940.389343 0.000000 0.000000 0.000000 1.000000
-0.976896 -0.171958 -0.126905 7.903008 -0.209937 0.883286 0.419204 169.719528 0.040008 0.436161 -0.898979 940.990479 0.000000 0.000000 0.000000 1.000000
-0.979289 -0.171549 -0.107540 5.636720 -0.201219 0.883556 0.422896 168.664444 0.022470 0.435776 -0.899775 941.521301 0.000000 0.000000 0.000000 1.000000
-0.981141 -0.170802 -0.090496 3.756709 -0.193160 0.883844 0.426039 167.730408 0.007216 0.435485 -0.900167 942.036133 0.000000 0.000000 0.000000 1.000000
-0.982584 -0.169804 -0.075462 2.243971 -0.185717 0.884109 0.428790 166.861420 -0.006094 0.435337 -0.900247 942.584412 0.000000 0.000000 0.000000 1.000000
-0.983719 -0.168641 -0.062112 1.078392 -0.178831 0.884314 0.431286 166.003418 -0.017806 0.435372 -0.900075 943.211426 0.000000 0.000000 0.000000 1.000000
-0.984615 -0.167395 -0.050122 0.239234 -0.172437 0.884426 0.433655 165.104019 -0.028262 0.435626 -0.899684 943.958557 0.000000 0.000000 0.000000 1.000000
-0.985322 -0.166154 -0.039164 -0.294355 -0.166468 0.884414 0.436005 164.112152 -0.037807 0.436125 -0.899091 944.864075 0.000000 0.000000 0.000000 1.000000
-0.985870 -0.165000 -0.028906 -0.542861 -0.160848 0.884251 0.438438 162.977982 -0.046782 0.436892 -0.898296 945.963135 0.000000 0.000000 0.000000 1.000000
-0.986274 -0.164021 -0.019017 -0.526362 -0.155502 0.883914 0.441039 161.652573 -0.055530 0.437943 -0.897286 947.287964 0.000000 0.000000 0.000000 1.000000
-0.986534 -0.163298 -0.009163 -0.264465 -0.150346 0.883381 0.443885 160.087234 -0.064391 0.439285 -0.896037 948.868286 0.000000 0.000000 0.000000 1.000000
-0.986639 -0.162918 0.000996 0.223617 -0.145293 0.882635 0.447042 158.233612 -0.073710 0.440924 -0.894513 950.731140 0.000000 0.000000 0.000000 1.000000
-0.974421 -0.213331 0.070662 7.875576 -0.155840 0.867993 0.471489 159.601227 -0.161917 0.448417 -0.879037 972.252258 0.000000 0.000000 0.000000 1.000000
-0.936785 -0.295903 0.186751 30.188557 -0.162377 0.840399 0.517073 163.814758 -0.309948 0.454062 -0.835320 1013.980408 0.000000 0.000000 0.000000 1.000000
-0.913272 -0.331289 0.237028 73.436325 -0.157909 0.824302 0.543683 171.605804 -0.375499 0.459101 -0.805126 1045.749634 0.000000 0.000000 0.000000 1.000000
-0.952085 -0.291610 0.092188 140.897247 -0.207158 0.836651 0.507050 192.670776 -0.224991 0.463657 -0.856972 1038.474487 0.000000 0.000000 0.000000 1.000000
-0.935876 -0.202139 -0.288577 207.280350 -0.304822 0.875282 0.375454 225.958618 0.176692 0.439343 -0.880771 978.693237 0.000000 0.000000 0.000000 1.000000
-0.709868 -0.123902 -0.693352 237.378250 -0.341798 0.921324 0.185298 254.311295 0.615843 0.368523 -0.696368 893.467407 0.000000 0.000000 0.000000 1.000000
-0.352819 -0.092168 -0.931142 231.418488 -0.287558 0.957659 0.014166 269.420715 0.890410 0.272755 -0.364383 819.380371 0.000000 0.000000 0.000000 1.000000
-0.072982 -0.087590 -0.993480 216.084885 -0.219188 0.973190 -0.069699 277.504486 0.972949 0.212672 -0.090224 774.290222 0.000000 0.000000 0.000000 1.000000
0.024367 -0.063989 -0.997653 214.515274 -0.176224 0.982047 -0.067293 283.576172 0.984048 0.177450 0.012653 742.955200 0.000000 0.000000 0.000000 1.000000
0.055802 -0.027961 -0.998050 215.752960 -0.144116 0.988914 -0.035762 287.894806 0.987986 0.145831 0.051154 708.208435 0.000000 0.000000 0.000000 1.000000
0.169402 -0.021794 -0.985306 198.044281 -0.047453 0.998416 -0.030242 281.356445 0.984404 0.051879 0.168099 671.201843 0.000000 0.000000 0.000000 1.000000
0.406100 -0.105110 -0.907763 154.801041 0.079526 0.993659 -0.079479 269.529785 0.910362 -0.039914 0.411884 642.970337 0.000000 0.000000 0.000000 1.000000
0.597286 -0.237939 -0.765920 109.309906 0.205094 0.968540 -0.140947 257.233246 0.775362 -0.072900 0.627296 628.647339 0.000000 0.000000 0.000000 1.000000
0.722804 -0.367169 -0.585441 69.511719 0.307176 0.929584 -0.203754 246.643661 0.619029 -0.032559 0.784693 625.953430 0.000000 0.000000 0.000000 1.000000
