<?xml version="1.0" encoding="utf-8"?>
<COLLADA xmlns="http://www.collada.org/2005/11/COLLADASchema" version="1.4.1">
  <asset>
    <contributor>
      <author/>
      <authoring_tool>FBX COLLADA exporter</authoring_tool>
      <comments/>
    </contributor>
    <created>2024-10-29T06:16:15Z</created>
    <keywords/>
    <modified>2024-10-29T06:16:15Z</modified>
    <revision/>
    <subject/>
    <title/>
    <unit meter="0.010000" name="centimeter"/>
    <up_axis>Y_UP</up_axis>
  </asset>
  <library_animations>
    <animation id="bone_weapon-anim" name="bone_weapon">
      <animation>
        <source id="bone_weapon-Matrix-animation-input">
          <float_array id="bone_weapon-Matrix-animation-input-array" count="121">

0.000000 0.033333 0.066667 0.100000 0.133333 0.166667 0.200000 0.233333 0.266667 0.300000 0.333333 0.366667 0.400000 0.433333 0.466667 0.500000
0.533333 0.566667 0.600000 0.633333 0.666667 0.700000 0.733333 0.766667 0.800000 0.833333 0.866667 0.900000 0.933333 0.966667 1.000000 1.033333
1.066667 1.100000 1.133333 1.166667 1.200000 1.233333 1.266667 1.300000 1.333333 1.366667 1.400000 1.433333 1.466667 1.500000 1.533333 1.566667
1.600000 1.633333 1.666667 1.700000 1.733333 1.766667 1.800000 1.833333 1.866667 1.900000 1.933333 1.966667 2.000000 2.033333 2.066667 2.100000
2.133333 2.166667 2.200000 2.233333 2.266667 2.300000 2.333333 2.366667 2.400000 2.433333 2.466667 2.500000 2.533333 2.566667 2.600000 2.633333
2.666667 2.700000 2.733333 2.766667 2.800000 2.833333 2.866667 2.900000 2.933333 2.966667 3.000000 3.033333 3.066667 3.100000 3.133333 3.166667
3.200000 3.233333 3.266667 3.300000 3.333333 3.366667 3.400000 3.433333 3.466667 3.500000 3.533333 3.566667 3.600000 3.633333 3.666667 3.700000
3.733333 3.766667 3.800000 3.833333 3.866667 3.900000 3.933333 3.966667 4.000000</float_array>
          <technique_common>
            <accessor source="#bone_weapon-Matrix-animation-input-array" count="121">
              <param name="TIME" type="float"/>
            </accessor>
          </technique_common>
        </source>
        <source id="bone_weapon-Matrix-animation-output-transform">
          <float_array id="bone_weapon-Matrix-animation-output-transform-array" count="1936">

-0.004950 0.792250 -0.610176 92.919266 -0.979500 -0.126724 -0.156592 78.980347 -0.201384 0.596892 0.776637 211.258652 0.000000 0.000000 0.000000 1.000000
-0.021514 0.771605 -0.635739 98.031921 -0.965174 -0.181859 -0.188063 82.415733 -0.260725 0.609551 0.748646 225.096024 0.000000 0.000000 0.000000 1.000000
-0.057565 0.707209 -0.704657 111.031166 -0.936642 -0.282543 -0.207051 87.892799 -0.345524 0.648092 0.678667 247.772659 0.000000 0.000000 0.000000 1.000000
-0.083244 0.594564 -0.799728 126.775696 -0.910551 -0.371473 -0.181395 92.482025 -0.404928 0.713093 0.572304 267.328918 0.000000 0.000000 0.000000 1.000000
-0.064505 0.436996 -0.897147 138.935654 -0.875642 -0.455987 -0.159150 94.138100 -0.478636 0.775313 0.412065 290.018890 0.000000 0.000000 0.000000 1.000000
0.066879 0.234525 -0.969808 133.900345 -0.841846 -0.508458 -0.181013 98.934380 -0.535558 0.828535 0.163429 317.089783 0.000000 0.000000 0.000000 1.000000
0.303273 0.016320 -0.952764 108.450996 -0.811241 -0.520123 -0.267134 109.621796 -0.499914 0.853935 -0.144500 338.280334 0.000000 0.000000 0.000000 1.000000
0.581078 -0.166653 -0.796601 73.878441 -0.734533 -0.528865 -0.425161 112.422707 -0.350440 0.832183 -0.429724 340.675385 0.000000 0.000000 0.000000 1.000000
0.765482 -0.360220 -0.533179 54.013290 -0.637543 -0.536681 -0.552732 95.162682 -0.087042 0.763030 -0.640476 323.345795 0.000000 0.000000 0.000000 1.000000
0.808673 -0.548091 -0.213645 44.441734 -0.525688 -0.510318 -0.680608 74.725471 0.264008 0.662700 -0.700805 291.439362 0.000000 0.000000 0.000000 1.000000
0.695073 -0.714230 0.082159 52.567398 -0.321837 -0.411303 -0.852789 45.782059 0.642880 0.566309 -0.515751 240.200058 0.000000 0.000000 0.000000 1.000000
0.629307 -0.759675 0.163909 59.629200 -0.140883 -0.318929 -0.937249 -9.071783 0.764281 0.566725 -0.307729 208.227875 0.000000 0.000000 0.000000 1.000000
0.633887 -0.772762 0.032034 55.556747 -0.271590 -0.261181 -0.926295 -41.611259 0.724173 0.578467 -0.375433 196.972946 0.000000 0.000000 0.000000 1.000000
0.556517 -0.812297 -0.174536 58.642384 -0.580326 -0.229710 -0.781316 -47.038429 0.594568 0.536103 -0.599235 195.949417 0.000000 0.000000 0.000000 1.000000
0.422683 -0.814773 -0.396841 65.356613 -0.859622 -0.221760 -0.460295 -50.514656 0.287033 0.535693 -0.794131 206.531708 0.000000 0.000000 0.000000 1.000000
0.212287 -0.824351 -0.524766 79.240120 -0.976891 -0.192692 -0.092490 -59.915852 -0.024874 0.532274 -0.846207 222.214706 0.000000 0.000000 0.000000 1.000000
-0.216061 -0.794769 -0.567150 115.300613 -0.933342 -0.002437 0.358980 -85.714790 -0.286689 0.606906 -0.741266 235.623535 0.000000 0.000000 0.000000 1.000000
-0.705391 -0.598666 -0.379501 150.712830 -0.575532 0.171225 0.799653 -147.299896 -0.413745 0.782484 -0.465332 226.740311 0.000000 0.000000 0.000000 1.000000
-0.931853 -0.356605 0.066960 147.553360 -0.008684 0.206412 0.978427 -224.891602 -0.362733 0.911168 -0.195442 199.581924 0.000000 0.000000 0.000000 1.000000
-0.786944 -0.287099 0.546163 102.989143 0.516611 0.177434 0.837634 -287.123322 -0.337391 0.941325 0.008688 186.265472 0.000000 0.000000 0.000000 1.000000
-0.566494 -0.351156 0.745503 64.638832 0.752939 0.147108 0.641437 -311.701019 -0.334914 0.924688 0.181063 181.556976 0.000000 0.000000 0.000000 1.000000
-0.556767 -0.349925 0.753368 61.224010 0.761806 0.146462 0.631032 -312.585144 -0.331153 0.925258 0.185030 178.416351 0.000000 0.000000 0.000000 1.000000
-0.548202 -0.348938 0.760077 58.190117 0.769228 0.146350 0.621989 -313.336060 -0.328273 0.925648 0.188184 175.657898 0.000000 0.000000 0.000000 1.000000
-0.540728 -0.348172 0.765761 56.797798 0.775388 0.146675 0.614215 -313.461761 -0.326171 0.925884 0.190657 175.141342 0.000000 0.000000 0.000000 1.000000
-0.534274 -0.347607 0.770533 55.720299 0.780446 0.147337 0.607615 -313.503723 -0.324739 0.925992 0.192570 174.912338 0.000000 0.000000 0.000000 1.000000
-0.528762 -0.347211 0.774503 53.418175 0.784554 0.148240 0.602080 -313.906586 -0.323861 0.925996 0.194022 173.437073 0.000000 0.000000 0.000000 1.000000
-0.524107 -0.346958 0.777774 51.379688 0.787853 0.149287 0.597495 -314.255920 -0.323417 0.925923 0.195110 172.160919 0.000000 0.000000 0.000000 1.000000
-0.520222 -0.346816 0.780441 51.077831 0.790479 0.150382 0.593741 -314.141449 -0.323283 0.925799 0.195919 172.406097 0.000000 0.000000 0.000000 1.000000
-0.517014 -0.346754 0.782597 50.971169 0.792560 0.151430 0.590692 -314.000671 -0.323333 0.925652 0.196532 172.755112 0.000000 0.000000 0.000000 1.000000
-0.514389 -0.346739 0.784331 49.527504 0.794222 0.152337 0.588221 -314.264191 -0.323442 0.925508 0.197027 171.913956 0.000000 0.000000 0.000000 1.000000
-0.512249 -0.346741 0.785730 48.219212 0.795588 0.153008 0.586198 -314.518585 -0.323482 0.925396 0.197485 171.085388 0.000000 0.000000 0.000000 1.000000
-0.510495 -0.346725 0.786877 48.512424 0.796778 0.153350 0.584489 -314.352600 -0.323325 0.925346 0.197978 171.317535 0.000000 0.000000 0.000000 1.000000
-0.509030 -0.346654 0.787857 48.873768 0.797910 0.153272 0.582964 -314.194336 -0.322843 0.925386 0.198578 171.469284 0.000000 0.000000 0.000000 1.000000
-0.507751 -0.346493 0.788753 47.774784 0.799102 0.152681 0.581484 -314.473694 -0.321908 0.925544 0.199359 170.530853 0.000000 0.000000 0.000000 1.000000
-0.506558 -0.346207 0.789645 46.681450 0.800468 0.151484 0.579917 -314.778473 -0.320390 0.925847 0.200393 169.420471 0.000000 0.000000 0.000000 1.000000
-0.505351 -0.345760 0.790614 47.055099 0.802119 0.149588 0.578125 -314.685608 -0.318159 0.926322 0.201747 168.871628 0.000000 0.000000 0.000000 1.000000
-0.504027 -0.345114 0.791741 47.366837 0.804165 0.146899 0.575969 -314.621948 -0.315081 0.926993 0.203488 168.057434 0.000000 0.000000 0.000000 1.000000
-0.502485 -0.344234 0.793103 46.093494 0.806706 0.143321 0.573310 -315.032654 -0.311021 0.927881 0.205679 166.341873 0.000000 0.000000 0.000000 1.000000
-0.500623 -0.343081 0.794778 44.697071 0.809840 0.138755 0.570006 -315.490662 -0.305838 0.929001 0.208377 164.269714 0.000000 0.000000 0.000000 1.000000
-0.498336 -0.341619 0.796842 44.106911 0.813651 0.133101 0.565911 -315.645233 -0.299387 0.930365 0.211630 162.374649 0.000000 0.000000 0.000000 1.000000
-0.495523 -0.339812 0.799365 43.630550 0.818215 0.126250 0.560878 -315.836182 -0.291513 0.931980 0.215480 159.575027 0.000000 0.000000 0.000000 1.000000
-0.534505 -0.284370 0.795889 61.330727 0.818259 0.061604 0.571539 -317.039459 -0.211558 0.956734 0.199761 123.393288 0.000000 0.000000 0.000000 1.000000
-0.666612 -0.211447 0.714785 105.874931 0.739253 -0.064597 0.670322 -305.283447 -0.095565 0.975252 0.199374 85.933594 0.000000 0.000000 0.000000 1.000000
-0.815566 -0.121061 0.565859 154.332840 0.573815 -0.042869 0.817862 -279.244385 -0.074753 0.991719 0.104429 95.798065 0.000000 0.000000 0.000000 1.000000
-0.892327 -0.155557 0.423739 194.134293 0.410104 0.112828 0.905032 -249.480392 -0.188594 0.981362 -0.036885 144.978302 0.000000 0.000000 0.000000 1.000000
-0.900019 -0.304843 0.311507 223.380676 0.205628 0.333185 0.920166 -206.538208 -0.384296 0.892221 -0.237189 223.415894 0.000000 0.000000 0.000000 1.000000
-0.848433 -0.519458 0.101602 244.288773 -0.172034 0.452163 0.875188 -126.561981 -0.500564 0.725058 -0.472996 309.584991 0.000000 0.000000 0.000000 1.000000
-0.728227 -0.685313 0.005768 247.382980 -0.480758 0.516824 0.708354 -40.316650 -0.488425 0.513069 -0.705834 382.189301 0.000000 0.000000 0.000000 1.000000
-0.664175 -0.680445 0.309622 232.055984 -0.526655 0.719826 0.452200 -11.024124 -0.530572 0.137276 -0.836450 468.709076 0.000000 0.000000 0.000000 1.000000
-0.403307 -0.496626 0.768575 157.498749 -0.683278 0.722118 0.108060 54.475285 -0.608667 -0.481569 -0.630569 564.518372 0.000000 0.000000 0.000000 1.000000
-0.319727 -0.369536 0.872477 122.648941 -0.868352 0.482725 -0.113759 136.082932 -0.379128 -0.793990 -0.475228 562.806824 0.000000 0.000000 0.000000 1.000000
-0.577753 -0.394280 0.714664 162.222260 -0.811276 0.373552 -0.449767 153.497772 -0.089630 -0.839644 -0.535691 521.766113 0.000000 0.000000 0.000000 1.000000
-0.817146 -0.401818 0.413298 192.855774 -0.545211 0.306000 -0.780453 134.091415 0.187131 -0.863080 -0.469121 485.240936 0.000000 0.000000 0.000000 1.000000
-0.917975 -0.393631 0.048746 199.438812 -0.164153 0.265156 -0.950129 94.885254 0.361075 -0.880197 -0.308022 466.969360 0.000000 0.000000 0.000000 1.000000
-0.878280 -0.385615 -0.282710 187.285934 0.205775 0.228877 -0.951458 56.942108 0.431602 -0.893821 -0.121668 462.321167 0.000000 0.000000 0.000000 1.000000
-0.711069 -0.380199 -0.591465 162.023254 0.557857 0.206981 -0.803713 19.431917 0.427993 -0.901448 0.064919 463.661102 0.000000 0.000000 0.000000 1.000000
-0.339107 -0.375117 -0.862726 114.497925 0.884003 0.186625 -0.428616 -12.405352 0.321787 -0.907997 0.268319 476.148865 0.000000 0.000000 0.000000 1.000000
0.198670 -0.370345 -0.907400 46.706249 0.975097 0.167810 0.145002 -13.602642 0.098570 -0.913610 0.394462 503.936096 0.000000 0.000000 0.000000 1.000000
0.713028 -0.365847 -0.598119 -17.222080 0.679545 0.150526 0.718025 31.647251 -0.172655 -0.918421 0.355939 537.344482 0.000000 0.000000 0.000000 1.000000
0.932309 -0.361617 0.005672 -31.215273 0.046241 0.134743 0.989802 116.855240 -0.358693 -0.922539 0.142343 554.881958 0.000000 0.000000 0.000000 1.000000
0.691696 -0.357632 0.627419 23.117393 -0.632092 0.120408 0.765481 205.714630 -0.349307 -0.926067 -0.142771 545.484070 0.000000 0.000000 0.000000 1.000000
0.090920 -0.353707 0.930927 112.021820 -0.984718 0.107498 0.137018 250.892593 -0.148537 -0.929158 -0.338528 518.339417 0.000000 0.000000 0.000000 1.000000
-0.557820 -0.350527 0.752309 186.613190 -0.820435 0.095934 -0.563634 225.571716 0.125397 -0.931627 -0.341098 488.105865 0.000000 0.000000 0.000000 1.000000
-0.920414 -0.347065 0.179955 217.860168 -0.222167 0.085590 -0.971245 142.666351 0.321683 -0.933927 -0.155885 467.517975 0.000000 0.000000 0.000000 1.000000
-0.800194 -0.343986 -0.491286 193.808151 0.497597 0.076490 -0.864028 49.200169 0.334792 -0.935854 0.109959 468.827942 0.000000 0.000000 0.000000 1.000000
-0.253419 -0.341125 -0.905214 124.027985 0.953712 0.068514 -0.292815 1.329070 0.161906 -0.937518 0.307972 493.148163 0.000000 0.000000 0.000000 1.000000
0.432419 -0.338481 -0.835730 37.969643 0.896430 0.061577 0.438887 24.513601 -0.097093 -0.938956 0.330051 527.498779 0.000000 0.000000 0.000000 1.000000
0.887899 -0.336061 -0.314161 -18.989086 0.351683 0.055603 0.934467 102.188194 -0.296569 -0.940197 0.167557 552.229675 0.000000 0.000000 0.000000 1.000000
0.862425 -0.333871 0.380465 -7.366619 -0.386682 0.050496 0.920830 192.164536 -0.326651 -0.941265 -0.085553 552.360168 0.000000 0.000000 0.000000 1.000000
0.365349 -0.331915 0.869685 70.700745 -0.914555 0.046167 0.401818 250.683319 -0.173520 -0.942179 -0.286687 527.970337 0.000000 0.000000 0.000000 1.000000
-0.333841 -0.330204 0.882902 166.712921 -0.939677 0.042526 -0.339405 246.323120 0.074527 -0.942952 -0.324482 493.758392 0.000000 0.000000 0.000000 1.000000
-0.850830 -0.328736 0.409904 221.198105 -0.446025 0.039471 -0.894150 178.294098 0.277760 -0.943597 -0.180207 469.941284 0.000000 0.000000 0.000000 1.000000
-0.899152 -0.327531 -0.290255 208.238068 0.294791 0.036906 -0.954849 79.911827 0.323455 -0.944119 0.063369 468.617889 0.000000 0.000000 0.000000 1.000000
-0.450583 -0.326604 -0.830845 141.609741 0.872725 0.034781 -0.486969 5.138248 0.187944 -0.944522 0.269364 488.315735 0.000000 0.000000 0.000000 1.000000
0.247299 -0.325938 -0.912473 55.605721 0.967562 0.032892 0.250480 3.099496 -0.051628 -0.944819 0.323499 516.938232 0.000000 0.000000 0.000000 1.000000
0.808574 -0.325569 -0.490115 -10.137195 0.527259 0.031195 0.849132 76.470291 -0.261162 -0.945003 0.196883 539.674194 0.000000 0.000000 0.000000 1.000000
0.923661 -0.325505 0.202224 -17.465734 -0.203806 0.029618 0.978563 177.779861 -0.324516 -0.945077 -0.038983 543.921448 0.000000 0.000000 0.000000 1.000000
0.530751 -0.325748 0.782427 48.023026 -0.821779 0.028037 0.569117 245.575851 -0.207326 -0.945041 -0.252812 526.018127 0.000000 0.000000 0.000000 1.000000
-0.152167 -0.326316 0.932933 146.057281 -0.988039 0.026354 -0.151937 253.702744 0.024993 -0.944894 -0.326423 495.998474 0.000000 0.000000 0.000000 1.000000
-0.750333 -0.327218 0.574394 210.724472 -0.614380 0.024466 -0.788631 203.697327 0.244001 -0.944633 -0.219394 473.502075 0.000000 0.000000 0.000000 1.000000
-0.939802 -0.328462 -0.094270 224.046356 0.092072 0.022275 -0.995504 115.219856 0.329085 -0.944254 0.009308 466.811707 0.000000 0.000000 0.000000 1.000000
-0.921907 -0.378787 -0.081291 224.077805 0.067852 0.048717 -0.996505 125.483437 0.381423 -0.924201 -0.019211 456.507080 0.000000 0.000000 0.000000 1.000000
-0.816356 -0.574514 -0.059126 226.403076 0.003434 0.097543 -0.995225 147.340469 0.577538 -0.812662 -0.077656 411.798889 0.000000 0.000000 0.000000 1.000000
-0.486751 -0.872921 -0.032923 214.912109 -0.053299 0.067297 -0.996308 171.129242 0.871914 -0.483199 -0.079283 323.726959 0.000000 0.000000 0.000000 1.000000
0.062468 -0.993234 0.097896 161.284958 -0.031740 -0.100015 -0.994480 182.938477 0.997542 0.059016 -0.037773 236.565323 0.000000 0.000000 0.000000 1.000000
0.497018 -0.786827 0.365892 87.693733 0.091724 -0.371660 -0.923827 167.880753 0.862880 0.492719 -0.112551 204.573746 0.000000 0.000000 0.000000 1.000000
0.644400 -0.494152 0.583577 40.819809 0.266768 -0.569940 -0.777176 119.073456 0.716648 0.656492 -0.235445 200.629318 0.000000 0.000000 0.000000 1.000000
0.679610 -0.190963 0.708282 8.691030 0.503179 -0.581229 -0.639518 52.403172 0.533798 0.791016 -0.298921 178.853409 0.000000 0.000000 0.000000 1.000000
0.634814 0.123188 0.762781 -15.153947 0.727268 -0.428659 -0.536033 -5.982143 0.260940 0.895028 -0.361710 151.016815 0.000000 0.000000 0.000000 1.000000
0.639240 0.324199 0.697328 -24.620089 0.767898 -0.317789 -0.556186 -34.202618 0.041288 0.891013 -0.452095 134.526810 0.000000 0.000000 0.000000 1.000000
0.861888 0.272280 0.427801 -14.514017 0.505731 -0.523464 -0.685727 -26.489880 0.037229 0.807372 -0.588868 132.603317 0.000000 0.000000 0.000000 1.000000
0.995840 -0.023088 -0.088126 17.751625 -0.076492 -0.737306 -0.671215 -15.745772 -0.049479 0.675165 -0.736005 143.580170 0.000000 0.000000 0.000000 1.000000
0.796150 -0.241852 -0.554663 49.326134 -0.544945 -0.685022 -0.483507 -19.833652 -0.263020 0.687206 -0.677176 146.640106 0.000000 0.000000 0.000000 1.000000
0.205684 -0.365661 -0.907737 88.685631 -0.949623 -0.298696 -0.094852 -43.365635 -0.236454 0.881518 -0.408677 128.553513 0.000000 0.000000 0.000000 1.000000
-0.047117 -0.426230 -0.903387 106.145851 -0.970589 -0.194221 0.142258 -51.148445 -0.236092 0.883519 -0.404543 128.884003 0.000000 0.000000 0.000000 1.000000
-0.295889 -0.355336 -0.886672 113.203545 -0.927786 -0.113971 0.355283 -63.363899 -0.227299 0.927766 -0.295953 129.786041 0.000000 0.000000 0.000000 1.000000
-0.490600 -0.361956 -0.792653 126.270981 -0.834094 -0.068197 0.547390 -71.729416 -0.252188 0.929697 -0.268448 139.648254 0.000000 0.000000 0.000000 1.000000
-0.952442 -0.267710 0.145546 159.545670 0.023056 0.412961 0.910457 -196.916519 -0.303843 0.870514 -0.387149 166.303864 0.000000 0.000000 0.000000 1.000000
-0.667620 0.131223 0.732848 81.904640 0.664978 0.547757 0.507708 -278.261688 -0.334800 0.826283 -0.452953 195.323029 0.000000 0.000000 0.000000 1.000000
-0.489865 0.311881 0.814102 28.876858 0.776295 0.581007 0.244533 -281.938873 -0.396734 0.751772 -0.526727 227.779617 0.000000 0.000000 0.000000 1.000000
-0.394255 0.378535 0.837422 2.020204 0.812849 0.568775 0.125587 -278.337799 -0.428765 0.730211 -0.531935 243.608597 0.000000 0.000000 0.000000 1.000000
-0.417897 0.324195 0.848681 9.695183 0.823236 0.530234 0.202818 -280.987671 -0.384247 0.783422 -0.488472 236.167480 0.000000 0.000000 0.000000 1.000000
-0.545136 0.209729 0.811690 46.360985 0.789182 0.455069 0.412437 -282.164520 -0.282875 0.865405 -0.413589 216.990372 0.000000 0.000000 0.000000 1.000000
-0.753287 0.104612 0.649318 104.554588 0.639749 0.345575 0.686511 -265.882385 -0.152571 0.932541 -0.327243 194.940948 0.000000 0.000000 0.000000 1.000000
-0.942031 0.047314 0.332173 163.334488 0.333474 0.241354 0.911341 -221.911484 -0.037052 0.969284 -0.243141 178.681000 0.000000 0.000000 0.000000 1.000000
-0.997862 0.033293 -0.056236 199.367203 -0.050002 0.165130 0.985004 -160.851974 0.042080 0.985710 -0.163112 169.335968 0.000000 0.000000 0.000000 1.000000
-0.922932 0.034716 -0.383395 208.443222 -0.378307 0.102624 0.919974 -105.029274 0.071284 0.994114 -0.081581 165.121689 0.000000 0.000000 0.000000 1.000000
-0.789190 0.026781 -0.613566 203.907394 -0.613467 0.012764 0.789618 -58.756210 0.028978 0.999560 0.006356 167.282364 0.000000 0.000000 0.000000 1.000000
-0.648242 0.017978 -0.761222 194.398392 -0.757648 -0.114803 0.642487 -18.923796 -0.075840 0.993226 0.088041 177.889160 0.000000 0.000000 0.000000 1.000000
-0.529292 0.033923 -0.847761 182.042862 -0.826664 -0.245539 0.506296 12.843048 -0.190983 0.968794 0.158005 193.041000 0.000000 0.000000 0.000000 1.000000
-0.416592 0.087144 -0.904906 164.937637 -0.866897 -0.337824 0.366559 39.550541 -0.273756 0.937165 0.216280 207.004745 0.000000 0.000000 0.000000 1.000000
-0.313229 0.158817 -0.936304 145.851761 -0.895713 -0.377019 0.235700 59.235950 -0.315571 0.912488 0.260347 216.731766 0.000000 0.000000 0.000000 1.000000
-0.229318 0.212782 -0.949809 130.220947 -0.919707 -0.366844 0.139868 69.755127 -0.318670 0.905621 0.279821 220.407730 0.000000 0.000000 0.000000 1.000000
-0.167531 0.241674 -0.955786 119.598381 -0.938706 -0.335372 0.079737 74.406937 -0.301274 0.910559 0.283045 220.072006 0.000000 0.000000 0.000000 1.000000
-0.116515 0.263273 -0.957659 110.916359 -0.952343 -0.303296 0.032488 77.255768 -0.281901 0.915805 0.286065 219.031464 0.000000 0.000000 0.000000 1.000000
-0.076298 0.278489 -0.957404 104.186668 -0.962021 -0.272962 -0.002733 78.798203 -0.262096 0.920834 0.288739 217.538986 0.000000 0.000000 0.000000 1.000000
-0.046355 0.288496 -0.956359 99.288918 -0.968860 -0.246104 -0.027279 79.448303 -0.243233 0.925313 0.290921 215.832809 0.000000 0.000000 0.000000 1.000000
-0.025700 0.294486 -0.955311 96.007477 -0.973656 -0.223961 -0.042845 79.542458 -0.226569 0.929043 0.292484 214.138809 0.000000 0.000000 0.000000 1.000000
-0.012997 0.297583 -0.954607 94.065727 -0.976901 -0.207427 -0.051361 79.352417 -0.213295 0.931891 0.293405 212.673553 0.000000 0.000000 0.000000 1.000000
-0.006661 0.298782 -0.954298 93.148422 -0.978836 -0.197148 -0.054893 79.101799 -0.204539 0.933736 0.293772 211.645874 0.000000 0.000000 0.000000 1.000000
-0.004950 0.298992 -0.954243 92.919258 -0.979500 -0.193624 -0.055587 78.980347 -0.201384 0.934405 0.293821 211.258667 0.000000 0.000000 0.000000 1.000000</float_array>
          <technique_common>
            <accessor source="#bone_weapon-Matrix-animation-output-transform-array" count="121" stride="16">
              <param type="float4x4"/>
            </accessor>
          </technique_common>
        </source>
        <source id="bone_weapon-Interpolations">
          <Name_array id="bone_weapon-Interpolations-array" count="121">
 LINEAR LINEAR LINEAR LINEAR LINEAR LINEAR LINEAR LINEAR LINEAR LINEAR LINEAR
LINEAR LINEAR LINEAR LINEAR LINEAR LINEAR LINEAR LINEAR LINEAR LINEAR LINEAR LINEAR
LINEAR LINEAR LINEAR LINEAR LINEAR LINEAR LINEAR LINEAR LINEAR LINEAR LINEAR LINEAR
LINEAR LINEAR LINEAR LINEAR LINEAR LINEAR LINEAR LINEAR LINEAR LINEAR LINEAR LINEAR
LINEAR LINEAR LINEAR LINEAR LINEAR LINEAR LINEAR LINEAR LINEAR LINEAR LINEAR LINEAR
LINEAR LINEAR LINEAR LINEAR LINEAR LINEAR LINEAR LINEAR LINEAR LINEAR LINEAR LINEAR
LINEAR LINEAR LINEAR LINEAR LINEAR LINEAR LINEAR LINEAR LINEAR LINEAR LINEAR LINEAR
LINEAR LINEAR LINEAR LINEAR LINEAR LINEAR LINEAR LINEAR LINEAR LINEAR LINEAR LINEAR
LINEAR LINEAR LINEAR LINEAR LINEAR LINEAR LINEAR LINEAR LINEAR LINEAR LINEAR LINEAR
LINEAR LINEAR LINEAR LINEAR LINEAR LINEAR LINEAR LINEAR LINEAR LINEAR LINEAR LINEAR
LINEAR LINEAR</Name_array>
          <technique_common>
            <accessor source="#bone_weapon-Interpolations-array" count="121">
              <param type="name"/>
            </accessor>
          </technique_common>
        </source>
        <sampler id="bone_weapon-Matrix-animation-transform">
          <input semantic="INPUT" source="#bone_weapon-Matrix-animation-input"/>
          <input semantic="OUTPUT" source="#bone_weapon-Matrix-animation-output-transform"/>
          <input semantic="INTERPOLATION" source="#bone_weapon-Interpolations"/>
        </sampler>
        <channel source="#bone_weapon-Matrix-animation-transform" target="bone_weapon/matrix"/>
      </animation>
      <animation>
        <source id="bone_weapon-visibility-animation-input">
          <float_array id="bone_weapon-visibility-animation-input-array" count="121">

0.000000 0.033333 0.066667 0.100000 0.133333 0.166667 0.200000 0.233333 0.266667 0.300000 0.333333 0.366667 0.400000 0.433333 0.466667 0.500000
0.533333 0.566667 0.600000 0.633333 0.666667 0.700000 0.733333 0.766667 0.800000 0.833333 0.866667 0.900000 0.933333 0.966667 1.000000 1.033333
1.066667 1.100000 1.133333 1.166667 1.200000 1.233333 1.266667 1.300000 1.333333 1.366667 1.400000 1.433333 1.466667 1.500000 1.533333 1.566667
1.600000 1.633333 1.666667 1.700000 1.733333 1.766667 1.800000 1.833333 1.866667 1.900000 1.933333 1.966667 2.000000 2.033333 2.066667 2.100000
2.133333 2.166667 2.200000 2.233333 2.266667 2.300000 2.333333 2.366667 2.400000 2.433333 2.466667 2.500000 2.533333 2.566667 2.600000 2.633333
2.666667 2.700000 2.733333 2.766667 2.800000 2.833333 2.866667 2.900000 2.933333 2.966667 3.000000 3.033333 3.066667 3.100000 3.133333 3.166667
3.200000 3.233333 3.266667 3.300000 3.333333 3.366667 3.400000 3.433333 3.466667 3.500000 3.533333 3.566667 3.600000 3.633333 3.666667 3.700000
3.733333 3.766667 3.800000 3.833333 3.866667 3.900000 3.933333 3.966667 4.000000</float_array>
          <technique_common>
            <accessor source="#bone_weapon-visibility-animation-input-array" count="121">
              <param name="TIME" type="float"/>
            </accessor>
          </technique_common>
        </source>
        <source id="bone_weapon-visibility-animation-output">
          <float_array id="bone_weapon-visibility-animation-output-array" count="121">

1.000000 1.000000 1.000000 1.000000 1.000000 1.000000 1.000000 1.000000 1.000000 1.000000 1.000000 1.000000 1.000000 1.000000 1.000000 1.000000
1.000000 1.000000 1.000000 1.000000 1.000000 1.000000 1.000000 1.000000 1.000000 1.000000 1.000000 1.000000 1.000000 1.000000 1.000000 1.000000
1.000000 1.000000 1.000000 1.000000 1.000000 1.000000 1.000000 1.000000 1.000000 1.000000 1.000000 1.000000 1.000000 1.000000 1.000000 1.000000
1.000000 1.000000 1.000000 1.000000 1.000000 1.000000 1.000000 1.000000 1.000000 1.000000 1.000000 1.000000 1.000000 1.000000 1.000000 1.000000
1.000000 1.000000 1.000000 1.000000 1.000000 1.000000 1.000000 1.000000 1.000000 1.000000 1.000000 1.000000 1.000000 1.000000 1.000000 1.000000
1.000000 1.000000 1.000000 1.000000 1.000000 1.000000 1.000000 1.000000 1.000000 1.000000 1.000000 1.000000 1.000000 1.000000 1.000000 1.000000
1.000000 1.000000 1.000000 1.000000 1.000000 1.000000 1.000000 1.000000 1.000000 1.000000 1.000000 1.000000 1.000000 1.000000 1.000000 1.000000
1.000000 1.000000 1.000000 1.000000 1.000000 1.000000 1.000000 1.000000 1.000000</float_array>
          <technique_common>
            <accessor source="#bone_weapon-visibility-animation-output-array" count="121">
              <param type="float"/>
            </accessor>
          </technique_common>
        </source>
        <source id="bone_weapon-visibility-animation-intan">
          <float_array id="bone_weapon-visibility-animation-intan-array" count="121">

0.000000 0.000000 0.000000 0.000000 0.000000 0.000000 0.000000 0.000000 0.000000 0.000000 0.000000 0.000000 0.000000 0.000000 0.000000 0.000000
0.000000 0.000000 0.000000 0.000000 0.000000 0.000000 0.000000 0.000000 0.000000 0.000000 0.000000 0.000000 0.000000 0.000000 0.000000 0.000000
0.000000 0.000000 0.000000 0.000000 0.000000 0.000000 0.000000 0.000000 0.000000 0.000000 0.000000 0.000000 0.000000 0.000000 0.000000 0.000000
0.000000 0.000000 0.000000 0.000000 0.000000 0.000000 0.000000 0.000000 0.000000 0.000000 0.000000 0.000000 0.000000 0.000000 0.000000 0.000000
0.000000 0.000000 0.000000 0.000000 0.000000 0.000000 0.000000 0.000000 0.000000 0.000000 0.000000 0.000000 0.000000 0.000000 0.000000 0.000000
0.000000 0.000000 0.000000 0.000000 0.000000 0.000000 0.000000 0.000000 0.000000 0.000000 0.000000 0.000000 0.000000 0.000000 0.000000 0.000000
0.000000 0.000000 0.000000 0.000000 0.000000 0.000000 0.000000 0.000000 0.000000 0.000000 0.000000 0.000000 0.000000 0.000000 0.000000 0.000000
0.000000 0.000000 0.000000 0.000000 0.000000 0.000000 0.000000 0.000000 0.000000</float_array>
          <technique_common>
            <accessor source="#bone_weapon-visibility-animation-intan-array" count="121">
              <param type="float"/>
            </accessor>
          </technique_common>
        </source>
        <source id="bone_weapon-visibility-animation-outtan">
          <float_array id="bone_weapon-visibility-animation-outtan-array" count="121">

0.000000 0.000000 0.000000 0.000000 0.000000 0.000000 0.000000 0.000000 0.000000 0.000000 0.000000 0.000000 0.000000 0.000000 0.000000 0.000000
0.000000 0.000000 0.000000 0.000000 0.000000 0.000000 0.000000 0.000000 0.000000 0.000000 0.000000 0.000000 0.000000 0.000000 0.000000 0.000000
0.000000 0.000000 0.000000 0.000000 0.000000 0.000000 0.000000 0.000000 0.000000 0.000000 0.000000 0.000000 0.000000 0.000000 0.000000 0.000000
0.000000 0.000000 0.000000 0.000000 0.000000 0.000000 0.000000 0.000000 0.000000 0.000000 0.000000 0.000000 0.000000 0.000000 0.000000 0.000000
0.000000 0.000000 0.000000 0.000000 0.000000 0.000000 0.000000 0.000000 0.000000 0.000000 0.000000 0.000000 0.000000 0.000000 0.000000 0.000000
0.000000 0.000000 0.000000 0.000000 0.000000 0.000000 0.000000 0.000000 0.000000 0.000000 0.000000 0.000000 0.000000 0.000000 0.000000 0.000000
0.000000 0.000000 0.000000 0.000000 0.000000 0.000000 0.000000 0.000000 0.000000 0.000000 0.000000 0.000000 0.000000 0.000000 0.000000 0.000000
0.000000 0.000000 0.000000 0.000000 0.000000 0.000000 0.000000 0.000000 0.000000</float_array>
          <technique_common>
            <accessor source="#bone_weapon-visibility-animation-outtan-array" count="121">
              <param type="float"/>
            </accessor>
          </technique_common>
        </source>
        <source id="bone_weapon-visibility-animation-interpolation">
          <Name_array id="bone_weapon-visibility-animation-interpolation-array" count="121">
 STEP STEP STEP STEP STEP STEP STEP STEP STEP STEP STEP STEP STEP STEP STEP STEP STEP
STEP STEP STEP STEP STEP STEP STEP STEP STEP STEP STEP STEP STEP STEP STEP STEP STEP STEP
STEP STEP STEP STEP STEP STEP STEP STEP STEP STEP STEP STEP STEP STEP STEP STEP STEP STEP
STEP STEP STEP STEP STEP STEP STEP STEP STEP STEP STEP STEP STEP STEP STEP STEP STEP STEP
STEP STEP STEP STEP STEP STEP STEP STEP STEP STEP STEP STEP STEP STEP STEP STEP STEP STEP
STEP STEP STEP STEP STEP STEP STEP STEP STEP STEP STEP STEP STEP STEP STEP STEP STEP STEP
STEP STEP STEP STEP STEP STEP STEP STEP STEP STEP STEP STEP STEP BEZIER</Name_array>
          <technique_common>
            <accessor source="#bone_weapon-visibility-animation-interpolation-array" count="121">
              <param type="name"/>
            </accessor>
          </technique_common>
        </source>
        <sampler id="bone_weapon-visibility-animation">
          <input semantic="INPUT" source="#bone_weapon-visibility-animation-input"/>
          <input semantic="OUTPUT" source="#bone_weapon-visibility-animation-output"/>
          <input semantic="IN_TANGENT" source="#bone_weapon-visibility-animation-intan"/>
          <input semantic="OUT_TANGENT" source="#bone_weapon-visibility-animation-outtan"/>
          <input semantic="INTERPOLATION" source="#bone_weapon-visibility-animation-interpolation"/>
        </sampler>
        <channel source="#bone_weapon-visibility-animation" target="bone_weapon/visibility"/>
      </animation>
    </animation>
    <animation id="bone_horse_hip-anim" name="bone_horse_hip">
      <animation>
        <source id="bone_horse_hip-Matrix-animation-input">
          <float_array id="bone_horse_hip-Matrix-animation-input-array" count="121">

0.000000 0.033333 0.066667 0.100000 0.133333 0.166667 0.200000 0.233333 0.266667 0.300000 0.333333 0.366667 0.400000 0.433333 0.466667 0.500000
0.533333 0.566667 0.600000 0.633333 0.666667 0.700000 0.733333 0.766667 0.800000 0.833333 0.866667 0.900000 0.933333 0.966667 1.000000 1.033333
1.066667 1.100000 1.133333 1.166667 1.200000 1.233333 1.266667 1.300000 1.333333 1.366667 1.400000 1.433333 1.466667 1.500000 1.533333 1.566667
1.600000 1.633333 1.666667 1.700000 1.733333 1.766667 1.800000 1.833333 1.866667 1.900000 1.933333 1.966667 2.000000 2.033333 2.066667 2.100000
2.133333 2.166667 2.200000 2.233333 2.266667 2.300000 2.333333 2.366667 2.400000 2.433333 2.466667 2.500000 2.533333 2.566667 2.600000 2.633333
2.666667 2.700000 2.733333 2.766667 2.800000 2.833333 2.866667 2.900000 2.933333 2.966667 3.000000 3.033333 3.066667 3.100000 3.133333 3.166667
3.200000 3.233333 3.266667 3.300000 3.333333 3.366667 3.400000 3.433333 3.466667 3.500000 3.533333 3.566667 3.600000 3.633333 3.666667 3.700000
3.733333 3.766667 3.800000 3.833333 3.866667 3.900000 3.933333 3.966667 4.000000</float_array>
          <technique_common>
            <accessor source="#bone_horse_hip-Matrix-animation-input-array" count="121">
              <param name="TIME" type="float"/>
            </accessor>
          </technique_common>
        </source>
        <source id="bone_horse_hip-Matrix-animation-output-transform">
          <float_array id="bone_horse_hip-Matrix-animation-output-transform-array" count="1936">

-0.020337 -0.134759 0.990670 -0.467123 -0.961848 -0.267758 -0.056168 65.945930 0.272829 -0.954016 -0.124172 162.176636 0.000000 0.000000 0.000000 1.000000
-0.020300 -0.134566 0.990697 -0.467123 -0.956454 -0.285973 -0.058442 67.845810 0.291176 -0.948742 -0.122901 161.833115 0.000000 0.000000 0.000000 1.000000
-0.020264 -0.134308 0.990732 -0.467123 -0.942653 -0.327641 -0.063697 72.186348 0.333160 -0.935207 -0.119966 161.033173 0.000000 0.000000 0.000000 1.000000
-0.020282 -0.134330 0.990729 -0.467123 -0.925009 -0.373520 -0.069581 76.930756 0.379404 -0.917844 -0.116681 160.122055 0.000000 0.000000 0.000000 1.000000
-0.020315 -0.134546 0.990699 -0.467123 -0.911164 -0.405392 -0.073740 80.040901 0.411543 -0.904187 -0.114358 159.445526 0.000000 0.000000 0.000000 1.000000
-0.020330 -0.134692 0.990679 -0.467123 -0.904941 -0.418784 -0.075508 80.817886 0.425051 -0.898041 -0.113374 159.231705 0.000000 0.000000 0.000000 1.000000
-0.020336 -0.134751 0.990671 -0.467123 -0.902597 -0.423695 -0.076159 80.877678 0.430005 -0.895726 -0.113010 159.215256 0.000000 0.000000 0.000000 1.000000
-0.020337 -0.134759 0.990670 -0.467123 -0.902260 -0.424396 -0.076252 81.654846 0.430712 -0.895393 -0.112957 159.001404 0.000000 0.000000 0.000000 1.000000
-0.020299 -0.133958 0.990779 -0.467123 -0.917240 -0.391817 -0.071768 86.121498 0.397818 -0.910239 -0.114918 157.667694 0.000000 0.000000 0.000000 1.000000
-0.020128 -0.132769 0.990943 -0.467123 -0.948133 -0.311956 -0.061055 94.486687 0.317237 -0.940774 -0.119603 154.998795 0.000000 0.000000 0.000000 1.000000
-0.019977 -0.132683 0.990957 -0.467123 -0.975809 -0.213238 -0.048223 104.038033 0.217708 -0.967948 -0.125213 151.661316 0.000000 0.000000 0.000000 1.000000
-0.020102 -0.133701 0.990818 -0.467123 -0.991073 -0.127975 -0.037376 112.062576 0.131797 -0.982724 -0.129935 148.322144 0.000000 0.000000 0.000000 1.000000
-0.020272 -0.134442 0.990714 -0.467123 -0.995387 -0.090223 -0.032611 115.849754 0.093770 -0.986805 -0.131993 145.647247 0.000000 0.000000 0.000000 1.000000
-0.020290 -0.134472 0.990710 -0.467123 -0.995636 -0.087563 -0.032276 116.586655 0.091090 -0.987041 -0.132108 144.373077 0.000000 0.000000 0.000000 1.000000
-0.020331 -0.134491 0.990707 -0.467123 -0.995860 -0.085090 -0.031988 117.270882 0.088601 -0.987255 -0.132204 144.159073 0.000000 0.000000 0.000000 1.000000
-0.020392 -0.134529 0.990700 -0.467123 -0.996061 -0.082794 -0.031745 117.904510 0.086295 -0.987445 -0.132311 145.035370 0.000000 0.000000 0.000000 1.000000
-0.020470 -0.134562 0.990694 -0.467123 -0.996241 -0.080673 -0.031542 118.489418 0.084167 -0.987616 -0.132405 145.911621 0.000000 0.000000 0.000000 1.000000
-0.020563 -0.134592 0.990688 -0.467123 -0.996403 -0.078718 -0.031376 119.027504 0.082208 -0.987769 -0.132489 144.823822 0.000000 0.000000 0.000000 1.000000
-0.020667 -0.134630 0.990680 -0.467123 -0.996547 -0.076923 -0.031243 119.520836 0.080412 -0.987906 -0.132575 143.735870 0.000000 0.000000 0.000000 1.000000
-0.020781 -0.134650 0.990675 -0.467123 -0.996676 -0.075282 -0.031139 119.971298 0.078773 -0.988029 -0.132638 144.594681 0.000000 0.000000 0.000000 1.000000
-0.020901 -0.134677 0.990669 -0.467123 -0.996790 -0.073787 -0.031061 120.380775 0.077282 -0.988139 -0.132702 145.453354 0.000000 0.000000 0.000000 1.000000
-0.021024 -0.134703 0.990663 -0.467123 -0.996891 -0.072432 -0.031005 120.751350 0.075932 -0.988235 -0.132761 144.529617 0.000000 0.000000 0.000000 1.000000
-0.021148 -0.134733 0.990656 -0.467123 -0.996980 -0.071211 -0.030968 121.084877 0.074718 -0.988320 -0.132821 143.605865 0.000000 0.000000 0.000000 1.000000
-0.021270 -0.134749 0.990652 -0.467123 -0.997059 -0.070117 -0.030945 121.383331 0.073631 -0.988396 -0.132861 144.393280 0.000000 0.000000 0.000000 1.000000
-0.021387 -0.134768 0.990646 -0.467123 -0.997127 -0.069142 -0.030933 121.648659 0.072664 -0.988462 -0.132902 145.180832 0.000000 0.000000 0.000000 1.000000
-0.021496 -0.134794 0.990640 -0.467123 -0.997187 -0.068282 -0.030929 121.882813 0.071812 -0.988518 -0.132947 144.390747 0.000000 0.000000 0.000000 1.000000
-0.021595 -0.134805 0.990637 -0.467123 -0.997238 -0.067528 -0.030928 122.087730 0.071065 -0.988569 -0.132974 143.600784 0.000000 0.000000 0.000000 1.000000
-0.021681 -0.134808 0.990634 -0.467123 -0.997282 -0.066875 -0.030927 122.265373 0.070418 -0.988612 -0.132992 144.271790 0.000000 0.000000 0.000000 1.000000
-0.021750 -0.134834 0.990629 -0.467123 -0.997319 -0.066315 -0.030923 122.417686 0.069863 -0.988647 -0.133031 144.942841 0.000000 0.000000 0.000000 1.000000
-0.021801 -0.134839 0.990627 -0.467123 -0.997351 -0.065842 -0.030911 122.546616 0.069393 -0.988677 -0.133046 144.272629 0.000000 0.000000 0.000000 1.000000
-0.021831 -0.134829 0.990629 -0.467123 -0.997378 -0.065451 -0.030888 122.654114 0.069002 -0.988705 -0.133047 143.602432 0.000000 0.000000 0.000000 1.000000
-0.021836 -0.134841 0.990627 -0.467123 -0.997400 -0.065132 -0.030851 122.742119 0.068681 -0.988724 -0.133068 144.120346 0.000000 0.000000 0.000000 1.000000
-0.021814 -0.134842 0.990627 -0.467123 -0.997418 -0.064880 -0.030795 122.812599 0.068424 -0.988741 -0.133079 144.638275 0.000000 0.000000 0.000000 1.000000
-0.021762 -0.134846 0.990628 -0.467123 -0.997433 -0.064689 -0.030717 122.867477 0.068225 -0.988753 -0.133092 144.098038 0.000000 0.000000 0.000000 1.000000
-0.021678 -0.134846 0.990629 -0.467123 -0.997445 -0.064551 -0.030614 122.908722 0.068074 -0.988762 -0.133102 143.557785 0.000000 0.000000 0.000000 1.000000
-0.021559 -0.134832 0.990634 -0.467123 -0.997455 -0.064461 -0.030481 122.938278 0.067967 -0.988770 -0.133099 143.892471 0.000000 0.000000 0.000000 1.000000
-0.021402 -0.134817 0.990639 -0.467123 -0.997463 -0.064410 -0.030315 122.958084 0.067894 -0.988775 -0.133096 144.227158 0.000000 0.000000 0.000000 1.000000
-0.021203 -0.134822 0.990643 -0.467123 -0.997470 -0.064394 -0.030113 122.970100 0.067851 -0.988775 -0.133116 143.875610 0.000000 0.000000 0.000000 1.000000
-0.020962 -0.134798 0.990651 -0.467123 -0.997477 -0.064404 -0.029870 122.976273 0.067828 -0.988778 -0.133108 143.524063 0.000000 0.000000 0.000000 1.000000
-0.020674 -0.134781 0.990660 -0.467123 -0.997483 -0.064435 -0.029583 122.978546 0.067820 -0.988778 -0.133109 143.601761 0.000000 0.000000 0.000000 1.000000
-0.020337 -0.134759 0.990670 -0.467117 -0.997490 -0.064479 -0.029248 122.978760 0.067819 -0.988778 -0.133110 143.679230 0.000000 0.000000 0.000000 1.000000
-0.007931 -0.067823 0.997666 -0.233567 -0.994987 -0.098930 -0.014635 119.002129 0.099692 -0.992780 -0.066698 135.817062 0.000000 0.000000 0.000000 1.000000
-0.000004 0.000005 1.000000 -0.000000 -0.982767 -0.184849 -0.000003 109.518723 0.184849 -0.982767 0.000006 127.954208 0.000000 0.000000 0.000000 1.000000
-0.002573 -0.000828 0.999996 -0.000000 -0.951550 -0.307483 -0.002703 98.199684 0.307484 -0.951553 0.000003 127.637360 0.000000 0.000000 0.000000 1.000000
-0.005565 -0.002798 0.999981 -0.000000 -0.893127 -0.449762 -0.006229 88.716957 0.449771 -0.893144 0.000004 128.341507 0.000000 0.000000 0.000000 1.000000
-0.006351 -0.004668 0.999969 -0.000000 -0.805416 -0.592658 -0.007882 84.739822 0.592676 -0.805441 0.000004 132.548935 0.000000 0.000000 0.000000 1.000000
-0.006582 -0.006808 0.999955 -0.000000 -0.694740 -0.719199 -0.009469 88.273056 0.719231 -0.694771 0.000004 142.742325 0.000000 0.000000 0.000000 1.000000
-0.006270 -0.008909 0.999941 -0.000000 -0.575121 -0.817995 -0.010894 96.785309 0.818043 -0.575156 0.000005 159.870102 0.000000 0.000000 0.000000 1.000000
-0.005615 -0.010674 0.999927 -0.000000 -0.465219 -0.885113 -0.012061 107.148834 0.885178 -0.465253 0.000004 170.007004 0.000000 0.000000 0.000000 1.000000
-0.004956 -0.011880 0.999917 -0.000000 -0.384724 -0.922942 -0.012872 116.233482 0.923018 -0.384756 0.000004 166.396393 0.000000 0.000000 0.000000 1.000000
