<?xml version="1.0" encoding="utf-8"?>
<COLLADA xmlns="http://www.collada.org/2005/11/COLLADASchema" version="1.4.1">
  <asset>
    <contributor>
      <author/>
      <authoring_tool>FBX COLLADA exporter</authoring_tool>
      <comments/>
    </contributor>
    <created>2024-01-18T09:46:27Z</created>
    <keywords/>
    <modified>2024-01-18T09:46:27Z</modified>
    <revision/>
    <subject/>
    <title/>
    <unit meter="0.010000" name="centimeter"/>
    <up_axis>Y_UP</up_axis>
  </asset>
  <library_animations>
    <animation id="root-anim" name="root">
      <animation>
        <source id="root-Matrix-animation-input">
          <float_array id="root-Matrix-animation-input-array" count="27">

0.000000 0.033333 0.066667 0.100000 0.133333 0.166667 0.200000 0.233333 0.266667 0.300000 0.333333 0.366667 0.400000 0.433333 0.466667 0.500000
0.533333 0.566667 0.600000 0.633333 0.666667 0.700000 0.733333 0.766667 0.800000 0.833333 0.866667</float_array>
          <technique_common>
            <accessor source="#root-Matrix-animation-input-array" count="27">
              <param name="TIME" type="float"/>
            </accessor>
          </technique_common>
        </source>
        <source id="root-Matrix-animation-output-transform">
          <float_array id="root-Matrix-animation-output-transform-array" count="432">

1.000000 0.000000 0.000000 0.000000 0.000000 0.000000 1.000000 0.000000 0.000000 -1.000000 0.000000 0.000000 0.000000 0.000000 0.000000 1.000000
1.000000 0.000000 0.000000 0.000000 0.000000 0.000000 1.000000 0.000000 0.000000 -1.000000 0.000000 0.000000 0.000000 0.000000 0.000000 1.000000
1.000000 0.000000 0.000000 0.000000 0.000000 0.000000 1.000000 0.000000 0.000000 -1.000000 0.000000 0.000000 0.000000 0.000000 0.000000 1.000000
1.000000 0.000000 0.000000 0.000000 0.000000 0.000000 1.000000 0.000000 0.000000 -1.000000 0.000000 0.000000 0.000000 0.000000 0.000000 1.000000
1.000000 0.000000 0.000000 0.000000 0.000000 0.000000 1.000000 0.000000 0.000000 -1.000000 0.000000 0.000000 0.000000 0.000000 0.000000 1.000000
1.000000 0.000000 0.000000 0.000000 0.000000 0.000000 1.000000 0.000000 0.000000 -1.000000 0.000000 0.000000 0.000000 0.000000 0.000000 1.000000
1.000000 0.000000 0.000000 0.000000 0.000000 0.000000 1.000000 0.000000 0.000000 -1.000000 0.000000 0.000000 0.000000 0.000000 0.000000 1.000000
1.000000 0.000000 0.000000 0.000000 0.000000 0.000000 1.000000 0.000000 0.000000 -1.000000 0.000000 0.000000 0.000000 0.000000 0.000000 1.000000
1.000000 0.000000 0.000000 0.000000 0.000000 0.000000 1.000000 0.000000 0.000000 -1.000000 0.000000 0.000000 0.000000 0.000000 0.000000 1.000000
1.000000 0.000000 0.000000 0.000000 0.000000 0.000000 1.000000 0.000000 0.000000 -1.000000 0.000000 0.000000 0.000000 0.000000 0.000000 1.000000
1.000000 0.000000 0.000000 0.000000 0.000000 0.000000 1.000000 0.000000 0.000000 -1.000000 0.000000 0.000000 0.000000 0.000000 0.000000 1.000000
1.000000 0.000000 0.000000 0.000000 0.000000 0.000000 1.000000 0.000000 0.000000 -1.000000 0.000000 0.000000 0.000000 0.000000 0.000000 1.000000
1.000000 0.000000 0.000000 0.000000 0.000000 0.000000 1.000000 0.000000 0.000000 -1.000000 0.000000 0.000000 0.000000 0.000000 0.000000 1.000000
1.000000 0.000000 0.000000 0.000000 0.000000 0.000000 1.000000 0.000000 0.000000 -1.000000 0.000000 0.000000 0.000000 0.000000 0.000000 1.000000
1.000000 0.000000 0.000000 0.000000 0.000000 0.000000 1.000000 0.000000 0.000000 -1.000000 0.000000 0.000000 0.000000 0.000000 0.000000 1.000000
1.000000 0.000000 0.000000 0.000000 0.000000 0.000000 1.000000 0.000000 0.000000 -1.000000 0.000000 0.000000 0.000000 0.000000 0.000000 1.000000
1.000000 0.000000 0.000000 0.000000 0.000000 0.000000 1.000000 0.000000 0.000000 -1.000000 0.000000 0.000000 0.000000 0.000000 0.000000 1.000000
1.000000 0.000000 0.000000 0.000000 0.000000 0.000000 1.000000 0.000000 0.000000 -1.000000 0.000000 0.000000 0.000000 0.000000 0.000000 1.000000
1.000000 0.000000 0.000000 0.000000 0.000000 0.000000 1.000000 0.000000 0.000000 -1.000000 0.000000 0.000000 0.000000 0.000000 0.000000 1.000000
1.000000 0.000000 0.000000 0.000000 0.000000 0.000000 1.000000 0.000000 0.000000 -1.000000 0.000000 0.000000 0.000000 0.000000 0.000000 1.000000
1.000000 0.000000 0.000000 0.000000 0.000000 0.000000 1.000000 0.000000 0.000000 -1.000000 0.000000 0.000000 0.000000 0.000000 0.000000 1.000000
1.000000 0.000000 0.000000 0.000000 0.000000 0.000000 1.000000 0.000000 0.000000 -1.000000 0.000000 0.000000 0.000000 0.000000 0.000000 1.000000
1.000000 0.000000 0.000000 0.000000 0.000000 0.000000 1.000000 0.000000 0.000000 -1.000000 0.000000 0.000000 0.000000 0.000000 0.000000 1.000000
1.000000 0.000000 0.000000 0.000000 0.000000 0.000000 1.000000 0.000000 0.000000 -1.000000 0.000000 0.000000 0.000000 0.000000 0.000000 1.000000
1.000000 0.000000 0.000000 0.000000 0.000000 0.000000 1.000000 0.000000 0.000000 -1.000000 0.000000 0.000000 0.000000 0.000000 0.000000 1.000000
1.000000 0.000000 0.000000 0.000000 0.000000 0.000000 1.000000 0.000000 0.000000 -1.000000 0.000000 0.000000 0.000000 0.000000 0.000000 1.000000
1.000000 0.000000 0.000000 0.000000 0.000000 0.000000 1.000000 0.000000 0.000000 -1.000000 0.000000 0.000000 0.000000 0.000000 0.000000 1.000000</float_array>
          <technique_common>
            <accessor source="#root-Matrix-animation-output-transform-array" count="27" stride="16">
              <param type="float4x4"/>
            </accessor>
          </technique_common>
        </source>
        <source id="root-Interpolations">
          <Name_array id="root-Interpolations-array" count="27">
 LINEAR LINEAR LINEAR LINEAR LINEAR LINEAR LINEAR LINEAR LINEAR LINEAR LINEAR
LINEAR LINEAR LINEAR LINEAR LINEAR LINEAR LINEAR LINEAR LINEAR LINEAR LINEAR LINEAR
LINEAR LINEAR LINEAR LINEAR</Name_array>
          <technique_common>
            <accessor source="#root-Interpolations-array" count="27">
              <param type="name"/>
            </accessor>
          </technique_common>
        </source>
        <sampler id="root-Matrix-animation-transform">
          <input semantic="INPUT" source="#root-Matrix-animation-input"/>
          <input semantic="OUTPUT" source="#root-Matrix-animation-output-transform"/>
          <input semantic="INTERPOLATION" source="#root-Interpolations"/>
        </sampler>
        <channel source="#root-Matrix-animation-transform" target="root/matrix"/>
      </animation>
    </animation>
    <animation id="bone_FL_leg-anim" name="bone_FL_leg">
      <animation>
        <source id="bone_FL_leg-Matrix-animation-input">
          <float_array id="bone_FL_leg-Matrix-animation-input-array" count="27">

0.000000 0.033333 0.066667 0.100000 0.133333 0.166667 0.200000 0.233333 0.266667 0.300000 0.333333 0.366667 0.400000 0.433333 0.466667 0.500000
0.533333 0.566667 0.600000 0.633333 0.666667 0.700000 0.733333 0.766667 0.800000 0.833333 0.866667</float_array>
          <technique_common>
            <accessor source="#bone_FL_leg-Matrix-animation-input-array" count="27">
              <param name="TIME" type="float"/>
            </accessor>
          </technique_common>
        </source>
        <source id="bone_FL_leg-Matrix-animation-output-transform">
          <float_array id="bone_FL_leg-Matrix-animation-output-transform-array" count="432">

0.003802 -0.000826 -0.999992 35.237339 0.501234 -0.865308 0.002620 -156.736801 -0.865303 -0.501240 -0.002876 93.326927 0.000000 0.000000 0.000000 1.000000
0.002008 -0.000570 -0.999998 35.266411 0.197427 -0.980317 0.000955 -144.839798 -0.980315 -0.197428 -0.001856 90.973106 0.000000 0.000000 0.000000 1.000000
0.001252 0.000716 -0.999999 35.181480 -0.127218 -0.991874 -0.000870 -130.901001 -0.991873 0.127219 -0.001151 89.082802 0.000000 0.000000 0.000000 1.000000
0.002228 0.001687 -0.999996 35.058861 -0.314226 -0.949345 -0.002302 -121.655602 -0.949345 0.314230 -0.001585 88.312027 0.000000 0.000000 0.000000 1.000000
0.003922 0.001928 -0.999990 34.953320 -0.300124 -0.953895 -0.003017 -119.810699 -0.953892 0.300133 -0.003163 86.834908 0.000000 0.000000 0.000000 1.000000
0.006404 0.001711 -0.999978 34.876282 -0.303651 -0.952777 -0.003575 -119.631500 -0.952761 0.303667 -0.005582 83.140907 0.000000 0.000000 0.000000 1.000000
0.008492 0.004378 -0.999954 34.839130 0.043638 -0.999039 -0.004004 -135.308701 -0.999011 -0.043602 -0.008674 84.811974 0.000000 0.000000 0.000000 1.000000
0.010233 0.006963 -0.999923 34.749889 0.280331 -0.959896 -0.003816 -138.580795 -0.959849 -0.280270 -0.011775 82.310043 0.000000 0.000000 0.000000 1.000000
0.011733 0.009265 -0.999888 34.648682 0.447434 -0.894312 -0.003036 -136.066605 -0.894240 -0.447348 -0.014639 78.171349 0.000000 0.000000 0.000000 1.000000
0.013051 0.011007 -0.999854 34.546768 0.567670 -0.823255 -0.001653 -129.733307 -0.823152 -0.567566 -0.016993 73.699089 0.000000 0.000000 0.000000 1.000000
0.014303 0.011922 -0.999827 34.451260 0.646221 -0.763150 0.000145 -120.498497 -0.763016 -0.646111 -0.018620 69.936401 0.000000 0.000000 0.000000 1.000000
0.015527 0.011900 -0.999809 34.370041 0.687237 -0.726430 0.002027 -109.203400 -0.726267 -0.687137 -0.019457 67.728462 0.000000 0.000000 0.000000 1.000000
0.016664 0.011014 -0.999800 34.316212 0.693978 -0.719986 0.003635 -96.633583 -0.719803 -0.693901 -0.019642 67.595253 0.000000 0.000000 0.000000 1.000000
0.017678 0.009463 -0.999799 34.310478 0.664037 -0.747685 0.004664 -83.271294 -0.747491 -0.663986 -0.019502 69.782753 0.000000 0.000000 0.000000 1.000000
0.019309 0.012001 -0.999741 34.593891 0.734404 -0.678686 0.006037 -85.779930 -0.678438 -0.734331 -0.021918 73.082977 0.000000 0.000000 0.000000 1.000000
0.020738 0.015911 -0.999658 35.034851 0.802684 -0.596361 0.007159 -92.397873 -0.596043 -0.802559 -0.025139 77.554733 0.000000 0.000000 0.000000 1.000000
0.021320 0.020793 -0.999556 35.528820 0.860436 -0.509500 0.007754 -101.700600 -0.509112 -0.860220 -0.028753 81.213676 0.000000 0.000000 0.000000 1.000000
0.020809 0.025849 -0.999449 35.993111 0.903023 -0.429523 0.007692 -112.395103 -0.429088 -0.902686 -0.032280 82.769920 0.000000 0.000000 0.000000 1.000000
0.019561 0.030125 -0.999355 36.374290 0.929338 -0.369162 0.007062 -123.288200 -0.368711 -0.928877 -0.035217 81.834229 0.000000 0.000000 0.000000 1.000000
0.018450 0.032791 -0.999292 36.650982 0.940004 -0.341106 0.006163 -132.972198 -0.340663 -0.939453 -0.037117 78.897888 0.000000 0.000000 0.000000 1.000000
0.018994 0.033168 -0.999269 36.798901 0.925227 -0.379380 0.004994 -142.318497 -0.378937 -0.924646 -0.037894 77.990196 0.000000 0.000000 0.000000 1.000000
0.021054 0.031077 -0.999295 36.795891 0.877437 -0.479677 0.003569 -151.639496 -0.479228 -0.876894 -0.037368 80.901459 0.000000 0.000000 0.000000 1.000000
0.022889 0.026818 -0.999378 36.676159 0.803007 -0.595964 0.002399 -158.967499 -0.595529 -0.802563 -0.035176 85.970802 0.000000 0.000000 0.000000 1.000000
0.022854 0.021235 -0.999513 36.491390 0.724452 -0.689323 0.001920 -163.176102 -0.688946 -0.724143 -0.031137 90.832520 0.000000 0.000000 0.000000 1.000000
0.019444 0.013735 -0.999716 36.208160 0.654197 -0.756321 0.002332 -163.110794 -0.756074 -0.654057 -0.023691 92.387817 0.000000 0.000000 0.000000 1.000000
0.012440 0.005440 -0.999908 35.770920 0.580278 -0.814413 0.002789 -160.001801 -0.814323 -0.580260 -0.013288 91.907867 0.000000 0.000000 0.000000 1.000000
0.003802 -0.000826 -0.999992 35.237339 0.501234 -0.865308 0.002620 -156.736801 -0.865303 -0.501240 -0.002876 93.326927 0.000000 0.000000 0.000000 1.000000</float_array>
          <technique_common>
            <accessor source="#bone_FL_leg-Matrix-animation-output-transform-array" count="27" stride="16">
              <param type="float4x4"/>
            </accessor>
          </technique_common>
        </source>
        <source id="bone_FL_leg-Interpolations">
          <Name_array id="bone_FL_leg-Interpolations-array" count="27">
 LINEAR LINEAR LINEAR LINEAR LINEAR LINEAR LINEAR LINEAR LINEAR LINEAR LINEAR
LINEAR LINEAR LINEAR LINEAR LINEAR LINEAR LINEAR LINEAR LINEAR LINEAR LINEAR LINEAR
LINEAR LINEAR LINEAR LINEAR</Name_array>
          <technique_common>
            <accessor source="#bone_FL_leg-Interpolations-array" count="27">
              <param type="name"/>
            </accessor>
          </technique_common>
        </source>
        <sampler id="bone_FL_leg-Matrix-animation-transform">
          <input semantic="INPUT" source="#bone_FL_leg-Matrix-animation-input"/>
          <input semantic="OUTPUT" source="#bone_FL_leg-Matrix-animation-output-transform"/>
          <input semantic="INTERPOLATION" source="#bone_FL_leg-Interpolations"/>
        </sampler>
        <channel source="#bone_FL_leg-Matrix-animation-transform" target="bone_FL_leg/matrix"/>
      </animation>
    </animation>
    <animation id="bone_RR_leg-anim" name="bone_RR_leg">
      <animation>
        <source id="bone_RR_leg-Matrix-animation-input">
          <float_array id="bone_RR_leg-Matrix-animation-input-array" count="27">

0.000000 0.033333 0.066667 0.100000 0.133333 0.166667 0.200000 0.233333 0.266667 0.300000 0.333333 0.366667 0.400000 0.433333 0.466667 0.500000
0.533333 0.566667 0.600000 0.633333 0.666667 0.700000 0.733333 0.766667 0.800000 0.833333 0.866667</float_array>
          <technique_common>
            <accessor source="#bone_RR_leg-Matrix-animation-input-array" count="27">
              <param name="TIME" type="float"/>
            </accessor>
          </technique_common>
        </source>
        <source id="bone_RR_leg-Matrix-animation-output-transform">
          <float_array id="bone_RR_leg-Matrix-animation-output-transform-array" count="432">

-0.072593 0.087343 0.993530 -30.705780 -0.759414 0.640924 -0.111832 71.297836 -0.646545 -0.762619 0.019803 78.664551 0.000000 0.000000 0.000000 1.000000
-0.062265 0.094541 0.993572 -30.478889 -0.693803 0.711531 -0.111183 68.753593 -0.717468 -0.696266 0.021290 79.898079 0.000000 0.000000 0.000000 1.000000
-0.051231 0.100519 0.993615 -30.315380 -0.621654 0.775458 -0.110501 66.405678 -0.781614 -0.623346 0.022761 80.258423 0.000000 0.000000 0.000000 1.000000
-0.045783 0.102551 0.993674 -30.453260 -0.560666 0.820632 -0.110525 65.783401 -0.826775 -0.562179 0.019926 78.806412 0.000000 0.000000 0.000000 1.000000
-0.054073 0.098506 0.993666 -31.642590 -0.502642 0.857166 -0.112326 67.946800 -0.862802 -0.505533 0.003164 75.472382 0.000000 0.000000 0.000000 1.000000
-0.071981 0.088359 0.993485 -32.297600 -0.539387 0.834402 -0.113290 74.575684 -0.838976 -0.544027 -0.012401 72.131844 0.000000 0.000000 0.000000 1.000000
-0.079975 0.082546 0.993373 -31.969580 -0.569031 0.814447 -0.113489 82.520309 -0.818418 -0.574336 -0.018165 70.122208 0.000000 0.000000 0.000000 1.000000
-0.082747 0.080626 0.993304 -31.763161 -0.567040 0.815838 -0.113459 88.158737 -0.819523 -0.572632 -0.021790 69.781837 0.000000 0.000000 0.000000 1.000000
-0.080673 0.083020 0.993277 -31.720320 -0.530305 0.840202 -0.113297 91.487442 -0.843960 -0.535880 -0.023756 71.218681 0.000000 0.000000 0.000000 1.000000
-0.075396 0.087868 0.993275 -31.803181 -0.468477 0.876210 -0.113073 93.337242 -0.880253 -0.473852 -0.024898 73.659866 0.000000 0.000000 0.000000 1.000000
-0.068234 0.093500 0.993278 -31.993330 -0.388395 0.914566 -0.112772 94.357933 -0.918963 -0.393480 -0.026089 76.472214 0.000000 0.000000 0.000000 1.000000
-0.060657 0.098604 0.993276 -32.258610 -0.297876 0.947976 -0.112298 95.275269 -0.952675 -0.302685 -0.028129 79.166481 0.000000 0.000000 0.000000 1.000000
-0.054642 0.102222 0.993260 -32.530182 -0.208799 0.971584 -0.111477 97.092392 -0.976431 -0.213483 -0.031745 81.422798 0.000000 0.000000 0.000000 1.000000
-0.052785 0.103646 0.993213 -32.700321 -0.137742 0.984337 -0.110040 101.117996 -0.989061 -0.142616 -0.037682 83.167526 0.000000 0.000000 0.000000 1.000000
-0.055824 0.103366 0.993076 -33.072449 -0.046993 0.993252 -0.106026 108.291702 -0.997334 -0.052587 -0.050590 85.985260 0.000000 0.000000 0.000000 1.000000
-0.058980 0.106531 0.992559 -34.027580 0.114533 0.988446 -0.099284 115.174797 -0.991667 0.107825 -0.070499 89.119362 0.000000 0.000000 0.000000 1.000000
-0.057110 0.114959 0.991727 -35.429859 0.318937 0.943398 -0.090990 118.894203 -0.946054 0.311102 -0.090542 89.197998 0.000000 0.000000 0.000000 1.000000
-0.072287 0.108341 0.991482 -34.107658 0.208530 0.973754 -0.091200 127.638397 -0.975341 0.200162 -0.092982 92.893600 0.000000 0.000000 0.000000 1.000000
-0.090894 0.094170 0.991398 -31.977859 -0.014207 0.995295 -0.095843 135.686295 -0.995759 -0.022796 -0.089129 98.050011 0.000000 0.000000 0.000000 1.000000
-0.100427 0.083924 0.991399 -30.693470 -0.199332 0.974537 -0.102689 137.455200 -0.974772 -0.207930 -0.081141 97.217743 0.000000 0.000000 0.000000 1.000000
-0.100845 0.081606 0.991550 -30.482510 -0.307708 0.945206 -0.109088 133.477905 -0.946121 -0.316109 -0.070209 90.748337 0.000000 0.000000 0.000000 1.000000
-0.098994 0.081309 0.991761 -30.479441 -0.402318 0.908296 -0.114624 127.153198 -0.910132 -0.410350 -0.057203 85.309021 0.000000 0.000000 0.000000 1.000000
-0.095273 0.082282 0.992045 -30.610340 -0.485990 0.865895 -0.118492 118.515297 -0.868756 -0.493413 -0.042508 81.173950 0.000000 0.000000 0.000000 1.000000
-0.090119 0.083815 0.992398 -30.791439 -0.561440 0.818751 -0.120133 107.863998 -0.822596 -0.567998 -0.026728 78.577133 0.000000 0.000000 0.000000 1.000000
-0.084104 0.085345 0.992795 -30.930849 -0.631040 0.766514 -0.119351 95.822647 -0.771178 -0.636531 -0.010611 77.569504 0.000000 0.000000 0.000000 1.000000
-0.077965 0.086544 0.993193 -30.933380 -0.696640 0.707920 -0.116372 83.286827 -0.713172 -0.700970 0.005097 77.850609 0.000000 0.000000 0.000000 1.000000
-0.072593 0.087343 0.993530 -30.705780 -0.759414 0.640924 -0.111832 71.297836 -0.646545 -0.762619 0.019803 78.664551 0.000000 0.000000 0.000000 1.000000</float_array>
          <technique_common>
            <accessor source="#bone_RR_leg-Matrix-animation-output-transform-array" count="27" stride="16">
              <param type="float4x4"/>
            </accessor>
          </technique_common>
        </source>
        <source id="bone_RR_leg-Interpolations">
          <Name_array id="bone_RR_leg-Interpolations-array" count="27">
 LINEAR LINEAR LINEAR LINEAR LINEAR LINEAR LINEAR LINEAR LINEAR LINEAR LINEAR
LINEAR LINEAR LINEAR LINEAR LINEAR LINEAR LINEAR LINEAR LINEAR LINEAR LINEAR LINEAR
LINEAR LINEAR LINEAR LINEAR</Name_array>
          <technique_common>
            <accessor source="#bone_RR_leg-Interpolations-array" count="27">
              <param type="name"/>
            </accessor>
          </technique_common>
        </source>
        <sampler id="bone_RR_leg-Matrix-animation-transform">
          <input semantic="INPUT" source="#bone_RR_leg-Matrix-animation-input"/>
          <input semantic="OUTPUT" source="#bone_RR_leg-Matrix-animation-output-transform"/>
          <input semantic="INTERPOLATION" source="#bone_RR_leg-Interpolations"/>
        </sampler>
        <channel source="#bone_RR_leg-Matrix-animation-transform" target="bone_RR_leg/matrix"/>
      </animation>
    </animation>
    <animation id="bone_L_index01-anim" name="bone_L_index01">
      <animation>
        <source id="bone_L_index01-Matrix-animation-input">
          <float_array id="bone_L_index01-Matrix-animation-input-array" count="27">

0.000000 0.033333 0.066667 0.100000 0.133333 0.166667 0.200000 0.233333 0.266667 0.300000 0.333333 0.366667 0.400000 0.433333 0.466667 0.500000
0.533333 0.566667 0.600000 0.633333 0.666667 0.700000 0.733333 0.766667 0.800000 0.833333 0.866667</float_array>
          <technique_common>
            <accessor source="#bone_L_index01-Matrix-animation-input-array" count="27">
              <param name="TIME" type="float"/>
            </accessor>
          </technique_common>
        </source>
        <source id="bone_L_index01-Matrix-animation-output-transform">
          <float_array id="bone_L_index01-Matrix-animation-output-transform-array" count="432">

-0.973132 0.046931 0.225413 105.652298 0.163327 0.830756 0.532136 -83.529343 -0.162289 0.554654 -0.816102 175.216400 0.000000 0.000000 0.000000 1.000000
-0.968130 0.058288 0.243570 103.882401 0.173404 0.857726 0.483981 -82.982529 -0.180706 0.510792 -0.840499 184.384094 0.000000 0.000000 0.000000 1.000000
-0.961854 0.068855 0.264757 101.210999 0.184454 0.877953 0.441787 -84.126717 -0.202025 0.473770 -0.857163 191.234604 0.000000 0.000000 0.000000 1.000000
-0.954680 0.080814 0.286451 98.058769 0.198374 0.890264 0.409973 -86.777138 -0.221885 0.448218 -0.865949 194.582993 0.000000 0.000000 0.000000 1.000000
-0.947028 0.094909 0.306805 94.901817 0.216634 0.894041 0.392124 -90.828346 -0.237080 0.437817 -0.867242 194.112198 0.000000 0.000000 0.000000 1.000000
-0.939299 0.110855 0.324697 92.221001 0.240087 0.888430 0.391216 -96.279991 -0.245103 0.445425 -0.861116 191.029099 0.000000 0.000000 0.000000 1.000000
-0.931581 0.128000 0.340253 90.442413 0.268275 0.873682 0.405843 -103.122704 -0.245324 0.469357 -0.848246 186.868195 0.000000 0.000000 0.000000 1.000000
-0.923719 0.145151 0.354507 88.769974 0.298252 0.853260 0.427777 -112.543404 -0.240394 0.500878 -0.831465 183.445908 0.000000 0.000000 0.000000 1.000000
-0.915718 0.160412 0.368414 86.178337 0.327320 0.829597 0.452362 -124.588501 -0.233070 0.534825 -0.812183 180.858002 0.000000 0.000000 0.000000 1.000000
-0.907634 0.171729 0.383026 82.965523 0.353091 0.805790 0.475425 -137.342896 -0.226995 0.566755 -0.791999 178.834900 0.000000 0.000000 0.000000 1.000000
-0.899564 0.177098 0.399276 79.810043 0.373639 0.785447 0.493423 -149.076797 -0.226226 0.593050 -0.772731 177.708298 0.000000 0.000000 0.000000 1.000000
-0.891583 0.174788 0.417768 77.687180 0.387329 0.772313 0.503498 -158.281097 -0.234642 0.610723 -0.756282 178.205902 0.000000 0.000000 0.000000 1.000000
-0.883678 0.163590 0.438580 77.712227 0.392376 0.769789 0.503454 -163.524399 -0.255253 0.616979 -0.744435 181.085693 0.000000 0.000000 0.000000 1.000000
-0.876907 0.142691 0.458992 80.406570 0.384649 0.780955 0.492093 -161.521103 -0.288235 0.608070 -0.739711 186.694901 0.000000 0.000000 0.000000 1.000000
-0.873650 0.117395 0.472181 84.994568 0.361442 0.806259 0.468302 -152.025299 -0.325723 0.579797 -0.746820 194.822205 0.000000 0.000000 0.000000 1.000000
-0.874162 0.093596 0.476530 90.292419 0.326371 0.839846 0.433752 -138.613007 -0.359614 0.534695 -0.764709 203.150803 0.000000 0.000000 0.000000 1.000000
-0.877531 0.071737 0.474124 95.098824 0.286953 0.870728 0.399363 -125.746696 -0.384184 0.486504 -0.784677 207.729599 0.000000 0.000000 0.000000 1.000000
-0.882430 0.052222 0.467536 98.664742 0.252218 0.891436 0.376469 -118.228798 -0.397117 0.450128 -0.799802 207.745605 0.000000 0.000000 0.000000 1.000000
-0.887192 0.035068 0.460065 101.566002 0.231116 0.896776 0.377331 -115.525902 -0.399343 0.441093 -0.803718 203.729996 0.000000 0.000000 0.000000 1.000000
-0.892469 0.022256 0.450560 104.453003 0.224886 0.887774 0.401601 -113.636597 -0.391057 0.459741 -0.797316 196.119705 0.000000 0.000000 0.000000 1.000000
-0.900177 0.016247 0.435221 107.245003 0.224545 0.873561 0.431822 -111.339996 -0.373176 0.486443 -0.790009 188.643204 0.000000 0.000000 0.000000 1.000000
-0.910053 0.016544 0.414161 109.661400 0.226740 0.856315 0.464020 -108.372704 -0.346975 0.516189 -0.783044 182.603302 0.000000 0.000000 0.000000 1.000000
-0.921601 0.021804 0.387525 111.407898 0.227852 0.838671 0.494686 -104.600098 -0.314219 0.544201 -0.777889 178.005905 0.000000 0.000000 0.000000 1.000000
-0.934232 0.030009 0.355402 112.178299 0.224481 0.823809 0.520527 -100.041298 -0.277162 0.566073 -0.776366 174.912994 0.000000 0.000000 0.000000 1.000000
-0.947372 0.038687 0.317788 111.666397 0.213808 0.815286 0.538141 -94.856667 -0.238269 0.577765 -0.780651 173.412704 0.000000 0.000000 0.000000 1.000000
-0.960508 0.045174 0.274561 109.579803 0.193806 0.816639 0.543636 -89.285454 -0.199659 0.575378 -0.793145 173.542297 0.000000 0.000000 0.000000 1.000000
-0.973132 0.046931 0.225413 105.652298 0.163327 0.830756 0.532136 -83.529312 -0.162289 0.554654 -0.816102 175.216400 0.000000 0.000000 0.000000 1.000000</float_array>
          <technique_common>
            <accessor source="#bone_L_index01-Matrix-animation-output-transform-array" count="27" stride="16">
              <param type="float4x4"/>
            </accessor>
          </technique_common>
        </source>
        <source id="bone_L_index01-Interpolations">
          <Name_array id="bone_L_index01-Interpolations-array" count="27">
 LINEAR LINEAR LINEAR LINEAR LINEAR LINEAR LINEAR LINEAR LINEAR LINEAR LINEAR
LINEAR LINEAR LINEAR LINEAR LINEAR LINEAR LINEAR LINEAR LINEAR LINEAR LINEAR LINEAR
LINEAR LINEAR LINEAR LINEAR</Name_array>
          <technique_common>
            <accessor source="#bone_L_index01-Interpolations-array" count="27">
              <param type="name"/>
            </accessor>
          </technique_common>
        </source>
        <sampler id="bone_L_index01-Matrix-animation-transform">
          <input semantic="INPUT" source="#bone_L_index01-Matrix-animation-input"/>
          <input semantic="OUTPUT" source="#bone_L_index01-Matrix-animation-output-transform"/>
          <input semantic="INTERPOLATION" source="#bone_L_index01-Interpolations"/>
        </sampler>
        <channel source="#bone_L_index01-Matrix-animation-transform" target="bone_L_index01/matrix"/>
      </animation>
    </animation>
    <animation id="bone_L_hand-anim" name="bone_L_hand">
      <animation>
        <source id="bone_L_hand-Matrix-animation-input">
          <float_array id="bone_L_hand-Matrix-animation-input-array" count="27">

0.000000 0.033333 0.066667 0.100000 0.133333 0.166667 0.200000 0.233333 0.266667 0.300000 0.333333 0.366667 0.400000 0.433333 0.466667 0.500000
0.533333 0.566667 0.600000 0.633333 0.666667 0.700000 0.733333 0.766667 0.800000 0.833333 0.866667</float_array>
          <technique_common>
            <accessor source="#bone_L_hand-Matrix-animation-input-array" count="27">
              <param name="TIME" type="float"/>
            </accessor>
          </technique_common>
        </source>
        <source id="bone_L_hand-Matrix-animation-output-transform">
          <float_array id="bone_L_hand-Matrix-animation-output-transform-array" count="432">

0.230058 -0.973165 -0.004697 104.411201 -0.658978 -0.159331 0.735093 -46.295189 -0.716115 -0.166019 -0.677950 187.876801 0.000000 0.000000 0.000000 1.000000
0.223561 -0.974554 0.016269 103.264900 -0.700087 -0.148941 0.698352 -45.116692 -0.678158 -0.167514 -0.715570 195.061295 0.000000 0.000000 0.000000 1.000000
0.218392 -0.975032 0.040207 101.221802 -0.733406 -0.136813 0.665882 -45.824791 -0.643755 -0.174912 -0.744973 200.243896 0.000000 0.000000 0.000000 1.000000
0.211877 -0.975122 0.065159 98.759987 -0.756985 -0.121579 0.642022 -48.228519 -0.618127 -0.185354 -0.763913 202.439194 0.000000 0.000000 0.000000 1.000000
0.202881 -0.975108 0.089461 96.364517 -0.769542 -0.102279 0.630353 -52.205299 -0.605512 -0.196730 -0.771137 201.482803 0.000000 0.000000 0.000000 1.000000
0.191435 -0.975107 0.111893 94.493103 -0.769610 -0.078376 0.633685 -57.755119 -0.609141 -0.207423 -0.765456 198.702301 0.000000 0.000000 0.000000 1.000000
0.178207 -0.975045 0.132398 93.547760 -0.757729 -0.050140 0.650640 -64.874634 -0.627765 -0.216270 -0.747756 195.565598 0.000000 0.000000 0.000000 1.000000
0.164567 -0.974629 0.151710 92.697594 -0.738847 -0.019906 0.673579 -74.710533 -0.653469 -0.222940 -0.723378 193.518097 0.000000 0.000000 0.000000 1.000000
0.152566 -0.973512 0.170285 90.854149 -0.715985 0.009894 0.698046 -87.273956 -0.681241 -0.228420 -0.695511 192.432404 0.000000 0.000000 0.000000 1.000000
0.144430 -0.971371 0.188622 88.247017 -0.692715 0.036865 0.720269 -100.583397 -0.706602 -0.234690 -0.667559 191.836899 0.000000 0.000000 0.000000 1.000000
0.142322 -0.967912 0.207103 85.486717 -0.673001 0.058801 0.737301 -112.815102 -0.725820 -0.244314 -0.643037 191.888107 0.000000 0.000000 0.000000 1.000000
0.148041 -0.962841 0.225878 83.488258 -0.660804 0.073627 0.746938 -122.352798 -0.735813 -0.259839 -0.625349 193.162796 0.000000 0.000000 0.000000 1.000000
0.162740 -0.955833 0.244743 83.321854 -0.659547 0.079101 0.747489 -127.665703 -0.733834 -0.283066 -0.617544 196.280701 0.000000 0.000000 0.000000 1.000000
0.186629 -0.947212 0.260688 85.447456 -0.671554 0.070677 0.737577 -125.384201 -0.717066 -0.312719 -0.622914 201.423203 0.000000 0.000000 0.000000 1.000000
0.213318 -0.939516 0.267964 89.215210 -0.696985 0.045854 0.715618 -115.269897 -0.684622 -0.339422 -0.645047 208.217499 0.000000 0.000000 0.000000 1.000000
0.236897 -0.934306 0.266367 93.648514 -0.730668 0.009363 0.682669 -101.086304 -0.640316 -0.356348 -0.680449 214.494705 0.000000 0.000000 0.000000 1.000000
0.257346 -0.931190 0.258183 97.586746 -0.760843 -0.030543 0.648217 -87.572403 -0.595727 -0.363253 -0.716349 216.934998 0.000000 0.000000 0.000000 1.000000
0.274744 -0.929451 0.246242 100.326897 -0.779240 -0.065203 0.623324 -79.662193 -0.563294 -0.363137 -0.742180 215.365601 0.000000 0.000000 0.000000 1.000000
0.289654 -0.928072 0.234056 102.484398 -0.779439 -0.086793 0.620437 -76.859467 -0.555496 -0.362144 -0.748515 210.959900 0.000000 0.000000 0.000000 1.000000
0.300040 -0.928010 0.220848 104.770798 -0.762758 -0.094362 0.639762 -75.120583 -0.572866 -0.360408 -0.736160 204.158600 0.000000 0.000000 0.000000 1.000000
0.302929 -0.931107 0.203159 107.153503 -0.740782 -0.095942 0.664858 -73.086349 -0.599563 -0.351902 -0.718811 197.854797 0.000000 0.000000 0.000000 1.000000
0.298764 -0.936997 0.181043 109.335701 -0.715953 -0.094635 0.691705 -70.464897 -0.630993 -0.336275 -0.699119 193.143402 0.000000 0.000000 0.000000 1.000000
0.288730 -0.944872 0.154439 110.975998 -0.690957 -0.093986 0.716760 -67.072838 -0.662731 -0.313661 -0.680003 189.826401 0.000000 0.000000 0.000000 1.000000
0.274612 -0.953643 0.123094 111.695702 -0.668971 -0.097525 0.736863 -62.857189 -0.690699 -0.284698 -0.664742 187.770401 0.000000 0.000000 0.000000 1.000000
0.258594 -0.962100 0.086562 111.097702 -0.653683 -0.108310 0.748977 -57.889309 -0.711215 -0.250265 -0.656917 186.877304 0.000000 0.000000 0.000000 1.000000
0.243018 -0.969013 0.044220 108.790497 -0.649072 -0.128564 0.749784 -52.320938 -0.720866 -0.210913 -0.660203 187.003601 0.000000 0.000000 0.000000 1.000000
0.230057 -0.973166 -0.004696 104.411201 -0.658978 -0.159330 0.735093 -46.295170 -0.716115 -0.166019 -0.677950 187.876801 0.000000 0.000000 0.000000 1.000000</float_array>
          <technique_common>
            <accessor source="#bone_L_hand-Matrix-animation-output-transform-array" count="27" stride="16">
              <param type="float4x4"/>
            </accessor>
          </technique_common>
        </source>
        <source id="bone_L_hand-Interpolations">
          <Name_array id="bone_L_hand-Interpolations-array" count="27">
 LINEAR LINEAR LINEAR LINEAR LINEAR LINEAR LINEAR LINEAR LINEAR LINEAR LINEAR
LINEAR LINEAR LINEAR LINEAR LINEAR LINEAR LINEAR LINEAR LINEAR LINEAR LINEAR LINEAR
LINEAR LINEAR LINEAR LINEAR</Name_array>
          <technique_common>
            <accessor source="#bone_L_hand-Interpolations-array" count="27">
              <param type="name"/>
            </accessor>
          </technique_common>
        </source>
        <sampler id="bone_L_hand-Matrix-animation-transform">
          <input semantic="INPUT" source="#bone_L_hand-Matrix-animation-input"/>
          <input semantic="OUTPUT" source="#bone_L_hand-Matrix-animation-output-transform"/>
          <input semantic="INTERPOLATION" source="#bone_L_hand-Interpolations"/>
        </sampler>
        <channel source="#bone_L_hand-Matrix-animation-transform" target="bone_L_hand/matrix"/>
      </animation>
    </animation>
    <animation id="bone_L_arm-anim" name="bone_L_arm">
      <animation>
        <source id="bone_L_arm-Matrix-animation-input">
          <float_array id="bone_L_arm-Matrix-animation-input-array" count="27">

0.000000 0.033333 0.066667 0.100000 0.133333 0.166667 0.200000 0.233333 0.266667 0.300000 0.333333 0.366667 0.400000 0.433333 0.466667 0.500000
0.533333 0.566667 0.600000 0.633333 0.666667 0.700000 0.733333 0.766667 0.800000 0.833333 0.866667</float_array>
          <technique_common>
            <accessor source="#bone_L_arm-Matrix-animation-input-array" count="27">
              <param name="TIME" type="float"/>
            </accessor>
          </technique_common>
        </source>
        <source id="bone_L_arm-Matrix-animation-output-transform">
          <float_array id="bone_L_arm-Matrix-animation-output-transform-array" count="432">

0.506521 0.254668 0.823760 72.894371 -0.206786 0.963383 -0.170683 -33.428490 -0.837064 -0.083888 0.540635 239.960800 0.000000 0.000000 0.000000 1.000000
0.514109 0.238634 0.823860 71.275864 -0.236320 0.962750 -0.131394 -30.412310 -0.824527 -0.127144 0.551353 246.365295 0.000000 0.000000 0.000000 1.000000
0.511349 0.226187 0.829072 69.404488 -0.274467 0.957199 -0.091859 -28.746830 -0.814365 -0.180581 0.551544 250.915497 0.000000 0.000000 0.000000 1.000000
0.502652 0.214409 0.837478 67.483803 -0.311154 0.948700 -0.056130 -28.867809 -0.806550 -0.232371 0.543581 252.624603 0.000000 0.000000 0.000000 1.000000
0.492408 0.202648 0.846444 65.725777 -0.339095 0.940339 -0.027863 -31.105989 -0.801592 -0.273306 0.531747 251.359695 0.000000 0.000000 0.000000 1.000000
0.484569 0.193587 0.853063 64.342056 -0.355828 0.934498 -0.009944 -35.614651 -0.799111 -0.298726 0.521713 248.424896 0.000000 0.000000 0.000000 1.000000
0.482263 0.193915 0.854295 63.540260 -0.368203 0.929740 -0.003184 -41.964211 -0.794890 -0.313018 0.519779 245.025497 0.000000 0.000000 0.000000 1.000000
0.473229 0.214865 0.854334 63.252190 -0.404566 0.914490 -0.005899 -49.537491 -0.782547 -0.342843 0.519690 242.210007 0.000000 0.000000 0.000000 1.000000
0.444745 0.250099 0.860030 63.181080 -0.464771 0.885266 -0.017091 -58.354851 -0.765630 -0.392116 0.509956 240.071701 0.000000 0.000000 0.000000 1.000000
0.402679 0.286415 0.869377 63.191391 -0.527796 0.848644 -0.035119 -67.742653 -0.747850 -0.444712 0.492900 238.369904 0.000000 0.000000 0.000000 1.000000
0.358144 0.317891 0.877883 63.202160 -0.580885 0.811984 -0.057049 -76.671066 -0.730962 -0.489517 0.475465 237.370300 0.000000 0.000000 0.000000 1.000000
0.324272 0.344608 0.880961 63.311329 -0.620668 0.780306 -0.076774 -83.733398 -0.713876 -0.521889 0.466918 237.581802 0.000000 0.000000 0.000000 1.000000
0.313028 0.368469 0.875353 63.844551 -0.649312 0.755657 -0.085890 -87.264023 -0.693114 -0.541492 0.475793 239.407898 0.000000 0.000000 0.000000 1.000000
0.333218 0.383175 0.861477 64.713852 -0.661749 0.745884 -0.075797 -84.208641 -0.671605 -0.544825 0.502108 243.212097 0.000000 0.000000 0.000000 1.000000
0.377169 0.379501 0.844821 65.746880 -0.650906 0.757530 -0.049692 -74.768997 -0.658835 -0.531157 0.532736 249.211700 0.000000 0.000000 0.000000 1.000000
0.427938 0.357265 0.830199 67.021217 -0.617949 0.785971 -0.019702 -62.636082 -0.659552 -0.504590 0.557118 255.533600 0.000000 0.000000 0.000000 1.000000
0.465948 0.331185 0.820493 68.594421 -0.580285 0.814413 0.000805 -51.465752 -0.667954 -0.476495 0.571656 258.496613 0.000000 0.000000 0.000000 1.000000
0.477054 0.332101 0.813712 70.643463 -0.576818 0.816859 0.004785 -43.771221 -0.663099 -0.471647 0.581248 256.625092 0.000000 0.000000 0.000000 1.000000
0.478225 0.358937 0.801539 72.728210 -0.588182 0.808651 -0.011193 -40.261429 -0.652183 -0.466098 0.597837 251.540298 0.000000 0.000000 0.000000 1.000000
0.487814 0.382021 0.784919 74.417847 -0.569578 0.820680 -0.045443 -39.680141 -0.661528 -0.424904 0.617930 245.320404 0.000000 0.000000 0.000000 1.000000
0.500922 0.395728 0.769725 75.985039 -0.533018 0.841735 -0.085872 -39.920769 -0.681887 -0.367262 0.632573 240.283401 0.000000 0.000000 0.000000 1.000000
0.515237 0.398033 0.759013 77.276466 -0.480965 0.867297 -0.128327 -40.538139 -0.709368 -0.298940 0.638304 237.281906 0.000000 0.000000 0.000000 1.000000
0.527994 0.388380 0.755237 78.122963 -0.417663 0.893072 -0.167268 -41.084850 -0.739445 -0.227118 0.633749 235.836502 0.000000 0.000000 0.000000 1.000000
0.536203 0.367558 0.759860 78.331863 -0.349515 0.916095 -0.196492 -41.109581 -0.768326 -0.160222 0.619680 235.577393 0.000000 0.000000 0.000000 1.000000
0.536972 0.337252 0.773254 77.686089 -0.284927 0.935253 -0.210045 -40.160511 -0.794026 -0.107533 0.598296 236.283493 0.000000 0.000000 0.000000 1.000000
0.527760 0.299306 0.794912 75.952087 -0.233794 0.950897 -0.202818 -37.773731 -0.816584 -0.078807 0.571821 237.813400 0.000000 0.000000 0.000000 1.000000
0.506521 0.254668 0.823760 72.894379 -0.206786 0.963383 -0.170683 -33.428490 -0.837064 -0.083887 0.540635 239.960800 0.000000 0.000000 0.000000 1.000000</float_array>
          <technique_common>
            <accessor source="#bone_L_arm-Matrix-animation-output-transform-array" count="27" stride="16">
              <param type="float4x4"/>
            </accessor>
          </technique_common>
        </source>
        <source id="bone_L_arm-Interpolations">
          <Name_array id="bone_L_arm-Interpolations-array" count="27">
 LINEAR LINEAR LINEAR LINEAR LINEAR LINEAR LINEAR LINEAR LINEAR LINEAR LINEAR
LINEAR LINEAR LINEAR LINEAR LINEAR LINEAR LINEAR LINEAR LINEAR LINEAR LINEAR LINEAR
LINEAR LINEAR LINEAR LINEAR</Name_array>
          <technique_common>
            <accessor source="#bone_L_arm-Interpolations-array" count="27">
              <param type="name"/>
            </accessor>
          </technique_common>
        </source>
        <sampler id="bone_L_arm-Matrix-animation-transform">
          <input semantic="INPUT" source="#bone_L_arm-Matrix-animation-input"/>
          <input semantic="OUTPUT" source="#bone_L_arm-Matrix-animation-output-transform"/>
          <input semantic="INTERPOLATION" source="#bone_L_arm-Interpolations"/>
        </sampler>
        <channel source="#bone_L_arm-Matrix-animation-transform" target="bone_L_arm/matrix"/>
      </animation>
    </animation>
    <animation id="bone_L_upper_arm-anim" name="bone_L_upper_arm">
      <animation>
        <source id="bone_L_upper_arm-Matrix-animation-input">
          <float_array id="bone_L_upper_arm-Matrix-animation-input-array" count="27">

0.000000 0.033333 0.066667 0.100000 0.133333 0.166667 0.200000 0.233333 0.266667 0.300000 0.333333 0.366667 0.400000 0.433333 0.466667 0.500000
0.533333 0.566667 0.600000 0.633333 0.666667 0.700000 0.733333 0.766667 0.800000 0.833333 0.866667</float_array>
          <technique_common>
            <accessor source="#bone_L_upper_arm-Matrix-animation-input-array" count="27">
              <param name="TIME" type="float"/>
            </accessor>
          </technique_common>
        </source>
        <source id="bone_L_upper_arm-Matrix-animation-output-transform">
          <float_array id="bone_L_upper_arm-Matrix-animation-output-transform-array" count="432">

0.462457 -0.327951 0.823760 48.538521 0.753920 0.634406 -0.170683 -73.134567 -0.466623 0.699983 0.540635 264.536102 0.000000 0.000000 0.000000 1.000000
0.451326 -0.342870 0.823860 47.506271 0.740529 0.659054 -0.131394 -69.413139 -0.497917 0.669394 0.551353 272.588715 0.000000 0.000000 0.000000 1.000000
0.438650 -0.346734 0.829073 46.302460 0.718547 0.689385 -0.091859 -66.589943 -0.539700 0.636022 0.551544 279.339386 0.000000 0.000000 0.000000 1.000000
0.426241 -0.341978 0.837478 45.035320 0.689579 0.722032 -0.056131 -65.185303 -0.585490 0.601433 0.543581 283.460114 0.000000 0.000000 0.000000 1.000000
0.416416 -0.331857 0.846445 43.794750 0.657017 0.753361 -0.027863 -65.708549 -0.628431 0.567731 0.531747 284.456696 0.000000 0.000000 0.000000 1.000000
0.411533 -0.320817 0.853063 42.668190 0.627528 0.778530 -0.009944 -68.664131 -0.660945 0.539413 0.521713 283.234314 0.000000 0.000000 0.000000 1.000000
0.414524 -0.313608 0.854295 41.708870 0.607499 0.794314 -0.003184 -73.958862 -0.677580 0.520303 0.519779 280.710999 0.000000 0.000000 0.000000 1.000000
