<?xml version="1.0" encoding="utf-8"?>
<COLLADA xmlns="http://www.collada.org/2005/11/COLLADASchema" version="1.4.1">
  <asset>
    <contributor>
      <author/>
      <authoring_tool>FBX COLLADA exporter</authoring_tool>
      <comments/>
    </contributor>
    <created>2024-04-04T07:03:21Z</created>
    <keywords/>
    <modified>2024-04-04T07:03:21Z</modified>
    <revision/>
    <subject/>
    <title/>
    <unit meter="0.010000" name="centimeter"/>
    <up_axis>Y_UP</up_axis>
  </asset>
  <library_animations>
    <animation id="bone_horse_hip-anim" name="bone_horse_hip">
      <animation>
        <source id="bone_horse_hip-Matrix-animation-input">
          <float_array id="bone_horse_hip-Matrix-animation-input-array" count="13">

0.033333 0.066667 0.100000 0.133333 0.166667 0.200000 0.233333 0.266667 0.300000 0.333333 0.366667 0.400000 0.433333</float_array>
          <technique_common>
            <accessor source="#bone_horse_hip-Matrix-animation-input-array" count="13">
              <param name="TIME" type="float"/>
            </accessor>
          </technique_common>
        </source>
        <source id="bone_horse_hip-Matrix-animation-output-transform">
          <float_array id="bone_horse_hip-Matrix-animation-output-transform-array" count="208">

-0.006701 0.016119 0.999848 0.906314 0.383688 -0.923298 0.017456 174.730316 0.923438 0.383747 0.000002 -61.018543 0.000000 0.000000 0.000000 1.000000
-0.004007 0.013816 0.999897 0.745956 0.278334 -0.960377 0.014386 178.966995 0.960476 0.278363 0.000003 -70.479546 0.000000 0.000000 0.000000 1.000000
-0.001606 0.008252 0.999965 0.431438 0.190625 -0.981627 0.008406 186.963379 0.981662 0.190631 0.000003 -76.972878 0.000000 0.000000 0.000000 1.000000
-0.000105 0.000778 1.000000 0.039665 0.129353 -0.991598 0.000785 196.018402 0.991599 0.129353 0.000003 -79.996559 0.000000 0.000000 0.000000 1.000000
0.000681 -0.006782 0.999977 -0.343568 0.100371 -0.994927 -0.006816 202.670456 0.994950 0.100373 0.000003 -76.148804 0.000000 0.000000 0.000000 1.000000
0.002653 -0.013392 0.999907 -0.701514 0.194530 -0.980802 -0.013652 202.720474 0.980893 0.194548 0.000003 -65.106232 0.000000 0.000000 0.000000 1.000000
0.005965 -0.016397 0.999848 -0.907224 0.341968 -0.939550 -0.017449 199.756714 0.939693 0.342020 0.000003 -52.423195 0.000000 0.000000 0.000000 1.000000
0.006593 -0.013321 0.999890 -0.768102 0.443679 -0.896063 -0.014863 197.303162 0.896162 0.443727 0.000002 -44.435425 0.000000 0.000000 0.000000 1.000000
0.003536 -0.006929 0.999970 -0.401507 0.454846 -0.890536 -0.007779 187.297287 0.890563 0.454860 0.000002 -43.235275 0.000000 0.000000 0.000000 1.000000
0.000089 -0.000179 1.000000 -0.010504 0.455505 -0.890233 -0.000200 181.509171 0.890233 0.455505 0.000002 -44.666759 0.000000 0.000000 0.000000 1.000000
-0.003269 0.006395 0.999974 0.370305 0.454920 -0.890503 0.007182 177.007248 0.890526 0.454932 0.000002 -48.601765 0.000000 0.000000 0.000000 1.000000
-0.006174 0.012331 0.999905 0.711940 0.447499 -0.894178 0.013790 175.032928 0.894263 0.447542 0.000002 -53.117226 0.000000 0.000000 0.000000 1.000000
-0.006701 0.016119 0.999848 0.906314 0.383688 -0.923298 0.017456 174.730316 0.923438 0.383747 0.000002 -61.018543 0.000000 0.000000 0.000000 1.000000</float_array>
          <technique_common>
            <accessor source="#bone_horse_hip-Matrix-animation-output-transform-array" count="13" stride="16">
              <param type="float4x4"/>
            </accessor>
          </technique_common>
        </source>
        <source id="bone_horse_hip-Interpolations">
          <Name_array id="bone_horse_hip-Interpolations-array" count="13">
 LINEAR LINEAR LINEAR LINEAR LINEAR LINEAR LINEAR LINEAR LINEAR LINEAR LINEAR
LINEAR LINEAR</Name_array>
          <technique_common>
            <accessor source="#bone_horse_hip-Interpolations-array" count="13">
              <param type="name"/>
            </accessor>
          </technique_common>
        </source>
        <sampler id="bone_horse_hip-Matrix-animation-transform">
          <input semantic="INPUT" source="#bone_horse_hip-Matrix-animation-input"/>
          <input semantic="OUTPUT" source="#bone_horse_hip-Matrix-animation-output-transform"/>
          <input semantic="INTERPOLATION" source="#bone_horse_hip-Interpolations"/>
        </sampler>
        <channel source="#bone_horse_hip-Matrix-animation-transform" target="bone_horse_hip/matrix"/>
      </animation>
      <animation>
        <source id="bone_horse_hip-visibility-animation-input">
          <float_array id="bone_horse_hip-visibility-animation-input-array" count="13">

0.033333 0.066667 0.100000 0.133333 0.166667 0.200000 0.233333 0.266667 0.300000 0.333333 0.366667 0.400000 0.433333</float_array>
          <technique_common>
            <accessor source="#bone_horse_hip-visibility-animation-input-array" count="13">
              <param name="TIME" type="float"/>
            </accessor>
          </technique_common>
        </source>
        <source id="bone_horse_hip-visibility-animation-output">
          <float_array id="bone_horse_hip-visibility-animation-output-array" count="13">

1.000000 1.000000 1.000000 1.000000 1.000000 1.000000 1.000000 1.000000 1.000000 1.000000 1.000000 1.000000 1.000000</float_array>
          <technique_common>
            <accessor source="#bone_horse_hip-visibility-animation-output-array" count="13">
              <param type="float"/>
            </accessor>
          </technique_common>
        </source>
        <source id="bone_horse_hip-visibility-animation-intan">
          <float_array id="bone_horse_hip-visibility-animation-intan-array" count="13">

0.000000 0.000000 0.000000 0.000000 0.000000 0.000000 0.000000 0.000000 0.000000 0.000000 0.000000 0.000000 0.000000</float_array>
          <technique_common>
            <accessor source="#bone_horse_hip-visibility-animation-intan-array" count="13">
              <param type="float"/>
            </accessor>
          </technique_common>
        </source>
        <source id="bone_horse_hip-visibility-animation-outtan">
          <float_array id="bone_horse_hip-visibility-animation-outtan-array" count="13">

0.000000 0.000000 0.000000 0.000000 0.000000 0.000000 0.000000 0.000000 0.000000 0.000000 0.000000 0.000000 0.000000</float_array>
          <technique_common>
            <accessor source="#bone_horse_hip-visibility-animation-outtan-array" count="13">
              <param type="float"/>
            </accessor>
          </technique_common>
        </source>
        <source id="bone_horse_hip-visibility-animation-interpolation">
          <Name_array id="bone_horse_hip-visibility-animation-interpolation-array" count="13">
 BEZIER BEZIER BEZIER BEZIER BEZIER BEZIER BEZIER BEZIER BEZIER BEZIER BEZIER
BEZIER BEZIER</Name_array>
          <technique_common>
            <accessor source="#bone_horse_hip-visibility-animation-interpolation-array" count="13">
              <param type="name"/>
            </accessor>
          </technique_common>
        </source>
        <sampler id="bone_horse_hip-visibility-animation">
          <input semantic="INPUT" source="#bone_horse_hip-visibility-animation-input"/>
          <input semantic="OUTPUT" source="#bone_horse_hip-visibility-animation-output"/>
          <input semantic="IN_TANGENT" source="#bone_horse_hip-visibility-animation-intan"/>
          <input semantic="OUT_TANGENT" source="#bone_horse_hip-visibility-animation-outtan"/>
          <input semantic="INTERPOLATION" source="#bone_horse_hip-visibility-animation-interpolation"/>
        </sampler>
        <channel source="#bone_horse_hip-visibility-animation" target="bone_horse_hip/visibility"/>
      </animation>
    </animation>
    <animation id="bone_RR_thight-anim" name="bone_RR_thight">
      <animation>
        <source id="bone_RR_thight-Matrix-animation-input">
          <float_array id="bone_RR_thight-Matrix-animation-input-array" count="13">

0.033333 0.066667 0.100000 0.133333 0.166667 0.200000 0.233333 0.266667 0.300000 0.333333 0.366667 0.400000 0.433333</float_array>
          <technique_common>
            <accessor source="#bone_RR_thight-Matrix-animation-input-array" count="13">
              <param name="TIME" type="float"/>
            </accessor>
          </technique_common>
        </source>
        <source id="bone_RR_thight-Matrix-animation-output-transform">
          <float_array id="bone_RR_thight-Matrix-animation-output-transform-array" count="208">

-0.450731 -0.892580 -0.011971 0.000030 0.891942 -0.450865 0.034048 -0.000004 -0.035788 0.004669 0.999348 -34.219631 0.000000 0.000000 0.000000 1.000000
-0.602267 -0.798045 -0.019987 0.000030 0.797724 -0.602594 0.022747 -0.000004 -0.030197 -0.002244 0.999541 -34.219631 0.000000 0.000000 0.000000 1.000000
-0.766085 -0.642287 0.024097 0.000030 0.642406 -0.763945 0.060842 -0.000004 -0.020669 0.062090 0.997857 -34.219631 0.000000 0.000000 0.000000 1.000000
-0.996800 -0.079673 -0.006436 0.000030 0.079483 -0.996502 0.025802 -0.000004 -0.008469 0.025208 0.999646 -34.219631 0.000000 0.000000 0.000000 1.000000
-0.997653 -0.066020 0.018138 0.000030 0.067113 -0.995402 0.068347 -0.000004 0.013543 0.069404 0.997497 -34.219631 0.000000 0.000000 0.000000 1.000000
-0.967609 -0.249528 0.038316 0.000030 0.252164 -0.962567 0.099393 -0.000004 0.012080 0.105835 0.994310 -34.219631 0.000000 0.000000 0.000000 1.000000
-0.958015 -0.283582 0.042294 0.000030 0.286657 -0.950377 0.120878 -0.000004 0.005916 0.127926 0.991766 -34.219631 0.000000 0.000000 0.000000 1.000000
-0.886795 -0.456633 0.071282 0.000030 0.461644 -0.882509 0.089796 -0.000004 0.021903 0.112537 0.993406 -34.219631 0.000000 0.000000 0.000000 1.000000
-0.718019 -0.695998 -0.006021 0.000030 0.695551 -0.717823 0.030625 -0.000004 -0.025637 0.017801 0.999513 -34.219631 0.000000 0.000000 0.000000 1.000000
-0.600404 -0.799590 -0.013096 0.000030 0.799425 -0.600546 0.016244 -0.000004 -0.020853 -0.000716 0.999782 -34.219631 0.000000 0.000000 0.000000 1.000000
-0.577344 -0.816364 -0.014932 0.000030 0.816106 -0.577537 0.020529 -0.000004 -0.025383 -0.000333 0.999678 -34.219631 0.000000 0.000000 0.000000 1.000000
-0.415175 -0.909631 -0.014162 0.000030 0.909215 -0.415414 0.027543 -0.000004 -0.030937 -0.001441 0.999520 -34.219631 0.000000 0.000000 0.000000 1.000000
-0.450731 -0.892580 -0.011971 0.000030 0.891942 -0.450865 0.034048 -0.000004 -0.035788 0.004669 0.999348 -34.219631 0.000000 0.000000 0.000000 1.000000</float_array>
          <technique_common>
            <accessor source="#bone_RR_thight-Matrix-animation-output-transform-array" count="13" stride="16">
              <param type="float4x4"/>
            </accessor>
          </technique_common>
        </source>
        <source id="bone_RR_thight-Interpolations">
          <Name_array id="bone_RR_thight-Interpolations-array" count="13">
 LINEAR LINEAR LINEAR LINEAR LINEAR LINEAR LINEAR LINEAR LINEAR LINEAR LINEAR
LINEAR LINEAR</Name_array>
          <technique_common>
            <accessor source="#bone_RR_thight-Interpolations-array" count="13">
              <param type="name"/>
            </accessor>
          </technique_common>
        </source>
        <sampler id="bone_RR_thight-Matrix-animation-transform">
          <input semantic="INPUT" source="#bone_RR_thight-Matrix-animation-input"/>
          <input semantic="OUTPUT" source="#bone_RR_thight-Matrix-animation-output-transform"/>
          <input semantic="INTERPOLATION" source="#bone_RR_thight-Interpolations"/>
        </sampler>
        <channel source="#bone_RR_thight-Matrix-animation-transform" target="bone_RR_thight/matrix"/>
      </animation>
      <animation>
        <source id="bone_RR_thight-visibility-animation-input">
          <float_array id="bone_RR_thight-visibility-animation-input-array" count="13">

0.033333 0.066667 0.100000 0.133333 0.166667 0.200000 0.233333 0.266667 0.300000 0.333333 0.366667 0.400000 0.433333</float_array>
          <technique_common>
            <accessor source="#bone_RR_thight-visibility-animation-input-array" count="13">
              <param name="TIME" type="float"/>
            </accessor>
          </technique_common>
        </source>
        <source id="bone_RR_thight-visibility-animation-output">
          <float_array id="bone_RR_thight-visibility-animation-output-array" count="13">

1.000000 1.000000 1.000000 1.000000 1.000000 1.000000 1.000000 1.000000 1.000000 1.000000 1.000000 1.000000 1.000000</float_array>
          <technique_common>
            <accessor source="#bone_RR_thight-visibility-animation-output-array" count="13">
              <param type="float"/>
            </accessor>
          </technique_common>
        </source>
        <source id="bone_RR_thight-visibility-animation-intan">
          <float_array id="bone_RR_thight-visibility-animation-intan-array" count="13">

0.000000 0.000000 0.000000 0.000000 0.000000 0.000000 0.000000 0.000000 0.000000 0.000000 0.000000 0.000000 0.000000</float_array>
          <technique_common>
            <accessor source="#bone_RR_thight-visibility-animation-intan-array" count="13">
              <param type="float"/>
            </accessor>
          </technique_common>
        </source>
        <source id="bone_RR_thight-visibility-animation-outtan">
          <float_array id="bone_RR_thight-visibility-animation-outtan-array" count="13">

0.000000 0.000000 0.000000 0.000000 0.000000 0.000000 0.000000 0.000000 0.000000 0.000000 0.000000 0.000000 0.000000</float_array>
          <technique_common>
            <accessor source="#bone_RR_thight-visibility-animation-outtan-array" count="13">
              <param type="float"/>
            </accessor>
          </technique_common>
        </source>
        <source id="bone_RR_thight-visibility-animation-interpolation">
          <Name_array id="bone_RR_thight-visibility-animation-interpolation-array" count="13">
 BEZIER BEZIER BEZIER BEZIER BEZIER BEZIER BEZIER BEZIER BEZIER BEZIER BEZIER
BEZIER BEZIER</Name_array>
          <technique_common>
            <accessor source="#bone_RR_thight-visibility-animation-interpolation-array" count="13">
              <param type="name"/>
            </accessor>
          </technique_common>
        </source>
        <sampler id="bone_RR_thight-visibility-animation">
          <input semantic="INPUT" source="#bone_RR_thight-visibility-animation-input"/>
          <input semantic="OUTPUT" source="#bone_RR_thight-visibility-animation-output"/>
          <input semantic="IN_TANGENT" source="#bone_RR_thight-visibility-animation-intan"/>
          <input semantic="OUT_TANGENT" source="#bone_RR_thight-visibility-animation-outtan"/>
          <input semantic="INTERPOLATION" source="#bone_RR_thight-visibility-animation-interpolation"/>
        </sampler>
        <channel source="#bone_RR_thight-visibility-animation" target="bone_RR_thight/visibility"/>
      </animation>
    </animation>
    <animation id="bone_RR_leg-anim" name="bone_RR_leg">
      <animation>
        <source id="bone_RR_leg-Matrix-animation-input">
          <float_array id="bone_RR_leg-Matrix-animation-input-array" count="13">

0.033333 0.066667 0.100000 0.133333 0.166667 0.200000 0.233333 0.266667 0.300000 0.333333 0.366667 0.400000 0.433333</float_array>
          <technique_common>
            <accessor source="#bone_RR_leg-Matrix-animation-input-array" count="13">
              <param name="TIME" type="float"/>
            </accessor>
          </technique_common>
        </source>
        <source id="bone_RR_leg-Matrix-animation-output-transform">
          <float_array id="bone_RR_leg-Matrix-animation-output-transform-array" count="208">

0.993616 0.112812 0.000256 90.565811 -0.112812 0.993609 0.003761 0.000052 0.000170 -0.003766 0.999993 0.000136 0.000000 0.000000 0.000000 1.000000
1.000000 0.000067 -0.000034 90.565811 -0.000067 0.999969 0.007874 0.000062 0.000035 -0.007874 0.999969 0.000047 0.000000 0.000000 0.000000 1.000000
1.000000 0.000068 -0.000033 90.565811 -0.000067 0.999969 0.007872 0.000024 0.000034 -0.007872 0.999969 -0.000036 0.000000 0.000000 0.000000 1.000000
0.800258 0.599656 0.000622 90.565811 -0.599652 0.800248 0.004503 0.000056 0.002202 -0.003977 0.999990 -0.000079 0.000000 0.000000 0.000000 1.000000
0.578610 0.815590 0.004877 90.565811 -0.815496 0.578425 0.019762 0.000020 0.013297 -0.015412 0.999793 -0.000076 0.000000 0.000000 0.000000 1.000000
-0.103156 0.993633 0.045311 90.565811 -0.990539 -0.106766 0.086223 -0.000007 0.090512 -0.035988 0.995245 -0.000093 0.000000 0.000000 0.000000 1.000000
-0.299047 0.951893 0.066861 90.565811 -0.946150 -0.304887 0.108835 -0.000023 0.123985 -0.030714 0.991809 -0.000091 0.000000 0.000000 0.000000 1.000000
-0.099761 0.993994 0.044986 90.565811 -0.990935 -0.103339 0.085846 -0.000007 0.089979 -0.036015 0.995292 -0.000081 0.000000 0.000000 0.000000 1.000000
0.206317 0.978252 0.021346 90.565811 -0.977308 0.204951 0.053515 0.000053 0.047977 -0.031903 0.998339 -0.000014 0.000000 0.000000 0.000000 1.000000
0.608555 0.793501 0.004064 90.565811 -0.793431 0.608411 0.017416 0.000065 0.011347 -0.013823 0.999840 0.000048 0.000000 0.000000 0.000000 1.000000
0.778949 0.627086 0.000853 90.565811 -0.627080 0.778934 0.005700 0.000062 0.002910 -0.004975 0.999983 0.000061 0.000000 0.000000 0.000000 1.000000
1.000000 0.000067 -0.000036 90.565811 -0.000067 0.999969 0.007875 0.000057 0.000036 -0.007875 0.999969 0.000157 0.000000 0.000000 0.000000 1.000000
0.993616 0.112812 0.000256 90.565811 -0.112812 0.993609 0.003761 0.000052 0.000170 -0.003766 0.999993 0.000136 0.000000 0.000000 0.000000 1.000000</float_array>
          <technique_common>
            <accessor source="#bone_RR_leg-Matrix-animation-output-transform-array" count="13" stride="16">
              <param type="float4x4"/>
            </accessor>
          </technique_common>
        </source>
        <source id="bone_RR_leg-Interpolations">
          <Name_array id="bone_RR_leg-Interpolations-array" count="13">
 LINEAR LINEAR LINEAR LINEAR LINEAR LINEAR LINEAR LINEAR LINEAR LINEAR LINEAR
LINEAR LINEAR</Name_array>
          <technique_common>
            <accessor source="#bone_RR_leg-Interpolations-array" count="13">
              <param type="name"/>
            </accessor>
          </technique_common>
        </source>
        <sampler id="bone_RR_leg-Matrix-animation-transform">
          <input semantic="INPUT" source="#bone_RR_leg-Matrix-animation-input"/>
          <input semantic="OUTPUT" source="#bone_RR_leg-Matrix-animation-output-transform"/>
          <input semantic="INTERPOLATION" source="#bone_RR_leg-Interpolations"/>
        </sampler>
        <channel source="#bone_RR_leg-Matrix-animation-transform" target="bone_RR_leg/matrix"/>
      </animation>
      <animation>
        <source id="bone_RR_leg-visibility-animation-input">
          <float_array id="bone_RR_leg-visibility-animation-input-array" count="13">

0.033333 0.066667 0.100000 0.133333 0.166667 0.200000 0.233333 0.266667 0.300000 0.333333 0.366667 0.400000 0.433333</float_array>
          <technique_common>
            <accessor source="#bone_RR_leg-visibility-animation-input-array" count="13">
              <param name="TIME" type="float"/>
            </accessor>
          </technique_common>
        </source>
        <source id="bone_RR_leg-visibility-animation-output">
          <float_array id="bone_RR_leg-visibility-animation-output-array" count="13">

1.000000 1.000000 1.000000 1.000000 1.000000 1.000000 1.000000 1.000000 1.000000 1.000000 1.000000 1.000000 1.000000</float_array>
          <technique_common>
            <accessor source="#bone_RR_leg-visibility-animation-output-array" count="13">
              <param type="float"/>
            </accessor>
          </technique_common>
        </source>
        <source id="bone_RR_leg-visibility-animation-intan">
          <float_array id="bone_RR_leg-visibility-animation-intan-array" count="13">

0.000000 0.000000 0.000000 0.000000 0.000000 0.000000 0.000000 0.000000 0.000000 0.000000 0.000000 0.000000 0.000000</float_array>
          <technique_common>
            <accessor source="#bone_RR_leg-visibility-animation-intan-array" count="13">
              <param type="float"/>
            </accessor>
          </technique_common>
        </source>
        <source id="bone_RR_leg-visibility-animation-outtan">
          <float_array id="bone_RR_leg-visibility-animation-outtan-array" count="13">

0.000000 0.000000 0.000000 0.000000 0.000000 0.000000 0.000000 0.000000 0.000000 0.000000 0.000000 0.000000 0.000000</float_array>
          <technique_common>
            <accessor source="#bone_RR_leg-visibility-animation-outtan-array" count="13">
              <param type="float"/>
            </accessor>
          </technique_common>
        </source>
        <source id="bone_RR_leg-visibility-animation-interpolation">
          <Name_array id="bone_RR_leg-visibility-animation-interpolation-array" count="13">
 BEZIER BEZIER BEZIER BEZIER BEZIER BEZIER BEZIER BEZIER BEZIER BEZIER BEZIER
BEZIER BEZIER</Name_array>
          <technique_common>
            <accessor source="#bone_RR_leg-visibility-animation-interpolation-array" count="13">
              <param type="name"/>
            </accessor>
          </technique_common>
        </source>
        <sampler id="bone_RR_leg-visibility-animation">
          <input semantic="INPUT" source="#bone_RR_leg-visibility-animation-input"/>
          <input semantic="OUTPUT" source="#bone_RR_leg-visibility-animation-output"/>
          <input semantic="IN_TANGENT" source="#bone_RR_leg-visibility-animation-intan"/>
          <input semantic="OUT_TANGENT" source="#bone_RR_leg-visibility-animation-outtan"/>
          <input semantic="INTERPOLATION" source="#bone_RR_leg-visibility-animation-interpolation"/>
        </sampler>
        <channel source="#bone_RR_leg-visibility-animation" target="bone_RR_leg/visibility"/>
      </animation>
    </animation>
    <animation id="bone_RR_foot-anim" name="bone_RR_foot">
      <animation>
        <source id="bone_RR_foot-Matrix-animation-input">
          <float_array id="bone_RR_foot-Matrix-animation-input-array" count="13">

0.033333 0.066667 0.100000 0.133333 0.166667 0.200000 0.233333 0.266667 0.300000 0.333333 0.366667 0.400000 0.433333</float_array>
          <technique_common>
            <accessor source="#bone_RR_foot-Matrix-animation-input-array" count="13">
              <param name="TIME" type="float"/>
            </accessor>
          </technique_common>
        </source>
        <source id="bone_RR_foot-Matrix-animation-output-transform">
          <float_array id="bone_RR_foot-Matrix-animation-output-transform-array" count="208">

0.999177 0.026817 0.030449 66.277023 0.019310 -0.974300 0.224425 0.000004 0.035685 -0.223652 -0.974016 0.000003 0.000000 0.000000 0.000000 1.000000
0.999177 0.026817 0.030449 66.277023 0.019310 -0.974300 0.224425 0.000004 0.035685 -0.223652 -0.974016 0.000003 0.000000 0.000000 0.000000 1.000000
0.999177 0.026817 0.030449 66.277023 0.019310 -0.974300 0.224425 0.000004 0.035685 -0.223652 -0.974016 0.000003 0.000000 0.000000 0.000000 1.000000
0.999177 0.026817 0.030449 66.277023 0.019310 -0.974300 0.224425 0.000004 0.035685 -0.223652 -0.974016 0.000003 0.000000 0.000000 0.000000 1.000000
0.999177 0.026817 0.030449 66.277023 0.019310 -0.974300 0.224425 0.000004 0.035685 -0.223652 -0.974016 0.000003 0.000000 0.000000 0.000000 1.000000
0.999177 0.026817 0.030449 66.277023 0.019310 -0.974300 0.224425 0.000004 0.035685 -0.223652 -0.974016 0.000003 0.000000 0.000000 0.000000 1.000000
0.999177 0.026817 0.030449 66.277023 0.019310 -0.974300 0.224425 0.000004 0.035685 -0.223652 -0.974016 0.000003 0.000000 0.000000 0.000000 1.000000
0.999177 0.026817 0.030449 66.277023 0.019310 -0.974300 0.224425 0.000004 0.035685 -0.223652 -0.974016 0.000003 0.000000 0.000000 0.000000 1.000000
0.999177 0.026817 0.030449 66.277023 0.019310 -0.974300 0.224425 0.000004 0.035685 -0.223652 -0.974016 0.000003 0.000000 0.000000 0.000000 1.000000
0.999177 0.026817 0.030449 66.277023 0.019310 -0.974300 0.224425 0.000004 0.035685 -0.223652 -0.974016 0.000003 0.000000 0.000000 0.000000 1.000000
0.999177 0.026817 0.030449 66.277023 0.019310 -0.974300 0.224425 0.000004 0.035685 -0.223652 -0.974016 0.000003 0.000000 0.000000 0.000000 1.000000
0.999177 0.026817 0.030449 66.277023 0.019310 -0.974300 0.224425 0.000004 0.035685 -0.223652 -0.974016 0.000003 0.000000 0.000000 0.000000 1.000000
0.999177 0.026817 0.030449 66.277023 0.019310 -0.974300 0.224425 0.000004 0.035685 -0.223652 -0.974016 0.000003 0.000000 0.000000 0.000000 1.000000</float_array>
          <technique_common>
            <accessor source="#bone_RR_foot-Matrix-animation-output-transform-array" count="13" stride="16">
              <param type="float4x4"/>
            </accessor>
          </technique_common>
        </source>
        <source id="bone_RR_foot-Interpolations">
          <Name_array id="bone_RR_foot-Interpolations-array" count="13">
 LINEAR LINEAR LINEAR LINEAR LINEAR LINEAR LINEAR LINEAR LINEAR LINEAR LINEAR
LINEAR LINEAR</Name_array>
          <technique_common>
            <accessor source="#bone_RR_foot-Interpolations-array" count="13">
              <param type="name"/>
            </accessor>
          </technique_common>
        </source>
        <sampler id="bone_RR_foot-Matrix-animation-transform">
          <input semantic="INPUT" source="#bone_RR_foot-Matrix-animation-input"/>
          <input semantic="OUTPUT" source="#bone_RR_foot-Matrix-animation-output-transform"/>
          <input semantic="INTERPOLATION" source="#bone_RR_foot-Interpolations"/>
        </sampler>
        <channel source="#bone_RR_foot-Matrix-animation-transform" target="bone_RR_foot/matrix"/>
      </animation>
      <animation>
        <source id="bone_RR_foot-visibility-animation-input">
          <float_array id="bone_RR_foot-visibility-animation-input-array" count="13">

0.033333 0.066667 0.100000 0.133333 0.166667 0.200000 0.233333 0.266667 0.300000 0.333333 0.366667 0.400000 0.433333</float_array>
          <technique_common>
            <accessor source="#bone_RR_foot-visibility-animation-input-array" count="13">
              <param name="TIME" type="float"/>
            </accessor>
          </technique_common>
        </source>
        <source id="bone_RR_foot-visibility-animation-output">
          <float_array id="bone_RR_foot-visibility-animation-output-array" count="13">

1.000000 1.000000 1.000000 1.000000 1.000000 1.000000 1.000000 1.000000 1.000000 1.000000 1.000000 1.000000 1.000000</float_array>
          <technique_common>
            <accessor source="#bone_RR_foot-visibility-animation-output-array" count="13">
              <param type="float"/>
            </accessor>
          </technique_common>
        </source>
        <source id="bone_RR_foot-visibility-animation-intan">
          <float_array id="bone_RR_foot-visibility-animation-intan-array" count="13">

0.000000 0.000000 0.000000 0.000000 0.000000 0.000000 0.000000 0.000000 0.000000 0.000000 0.000000 0.000000 0.000000</float_array>
          <technique_common>
            <accessor source="#bone_RR_foot-visibility-animation-intan-array" count="13">
              <param type="float"/>
            </accessor>
          </technique_common>
        </source>
        <source id="bone_RR_foot-visibility-animation-outtan">
          <float_array id="bone_RR_foot-visibility-animation-outtan-array" count="13">

0.000000 0.000000 0.000000 0.000000 0.000000 0.000000 0.000000 0.000000 0.000000 0.000000 0.000000 0.000000 0.000000</float_array>
          <technique_common>
            <accessor source="#bone_RR_foot-visibility-animation-outtan-array" count="13">
              <param type="float"/>
            </accessor>
          </technique_common>
        </source>
        <source id="bone_RR_foot-visibility-animation-interpolation">
          <Name_array id="bone_RR_foot-visibility-animation-interpolation-array" count="13">
 BEZIER BEZIER BEZIER BEZIER BEZIER BEZIER BEZIER BEZIER BEZIER BEZIER BEZIER
BEZIER BEZIER</Name_array>
          <technique_common>
            <accessor source="#bone_RR_foot-visibility-animation-interpolation-array" count="13">
              <param type="name"/>
            </accessor>
          </technique_common>
        </source>
        <sampler id="bone_RR_foot-visibility-animation">
          <input semantic="INPUT" source="#bone_RR_foot-visibility-animation-input"/>
          <input semantic="OUTPUT" source="#bone_RR_foot-visibility-animation-output"/>
          <input semantic="IN_TANGENT" source="#bone_RR_foot-visibility-animation-intan"/>
          <input semantic="OUT_TANGENT" source="#bone_RR_foot-visibility-animation-outtan"/>
          <input semantic="INTERPOLATION" source="#bone_RR_foot-visibility-animation-interpolation"/>
        </sampler>
        <channel source="#bone_RR_foot-visibility-animation" target="bone_RR_foot/visibility"/>
      </animation>
    </animation>
    <animation id="bone_RR_cloth01-anim" name="bone_RR_cloth01">
      <animation>
        <source id="bone_RR_cloth01-Matrix-animation-input">
          <float_array id="bone_RR_cloth01-Matrix-animation-input-array" count="13">

0.033333 0.066667 0.100000 0.133333 0.166667 0.200000 0.233333 0.266667 0.300000 0.333333 0.366667 0.400000 0.433333</float_array>
          <technique_common>
            <accessor source="#bone_RR_cloth01-Matrix-animation-input-array" count="13">
              <param name="TIME" type="float"/>
            </accessor>
          </technique_common>
        </source>
        <source id="bone_RR_cloth01-Matrix-animation-output-transform">
          <float_array id="bone_RR_cloth01-Matrix-animation-output-transform-array" count="208">

0.909851 0.288476 -0.298250 -4.076196 -0.294102 -0.058698 -0.953970 7.182374 -0.292704 0.955686 0.031435 -22.668911 0.000000 0.000000 0.000000 1.000000
0.792858 0.234794 -0.562359 -2.829524 -0.545278 -0.138726 -0.826696 8.091134 -0.272117 0.962095 0.018038 -22.552355 0.000000 0.000000 0.000000 1.000000
0.657155 0.180498 -0.731825 -1.151347 -0.724290 -0.117597 -0.679393 7.208807 -0.208689 0.976520 0.053453 -22.995409 0.000000 0.000000 0.000000 1.000000
0.201792 0.061475 -0.977497 3.871064 -0.953107 -0.217493 -0.210436 7.395335 -0.225535 0.974124 0.014704 -22.636370 0.000000 0.000000 0.000000 1.000000
0.286642 0.096311 -0.953184 3.474605 -0.938535 -0.171500 -0.299566 6.334886 -0.192322 0.980465 0.041232 -23.019073 0.000000 0.000000 0.000000 1.000000
0.660923 0.182063 -0.728034 1.963344 -0.722630 -0.107316 -0.682854 6.054542 -0.202452 0.977413 0.060637 -23.271639 0.000000 0.000000 0.000000 1.000000
0.844317 0.236107 -0.481022 1.796876 -0.480790 -0.062533 -0.874603 5.611361 -0.236580 0.969713 0.060720 -23.395838 0.000000 0.000000 0.000000 1.000000
0.900788 0.313562 -0.300434 -0.206749 -0.301439 -0.046517 -0.952350 6.182818 -0.312596 0.948428 0.052618 -23.319763 0.000000 0.000000 0.000000 1.000000
0.915576 0.315380 -0.249510 -1.652837 -0.229684 -0.099188 -0.968198 8.082623 -0.330098 0.943768 -0.018377 -22.672024 0.000000 0.000000 0.000000 1.000000
0.896346 0.333403 -0.292244 -3.060557 -0.274130 -0.101291 -0.956344 8.047776 -0.348449 0.937327 0.000604 -22.537695 0.000000 0.000000 0.000000 1.000000
0.888577 0.330081 -0.318556 -3.185501 -0.304516 -0.094917 -0.947766 7.935426 -0.343076 0.939168 0.016174 -22.560207 0.000000 0.000000 0.000000 1.000000
0.930702 0.323390 -0.170919 -4.470256 -0.170188 -0.030768 -0.984931 7.122004 -0.323776 0.945765 0.026401 -22.613607 0.000000 0.000000 0.000000 1.000000
0.909851 0.288476 -0.298250 -4.076196 -0.294102 -0.058698 -0.953970 7.182374 -0.292704 0.955686 0.031435 -22.668911 0.000000 0.000000 0.000000 1.000000</float_array>
          <technique_common>
            <accessor source="#bone_RR_cloth01-Matrix-animation-output-transform-array" count="13" stride="16">
              <param type="float4x4"/>
            </accessor>
          </technique_common>
        </source>
        <source id="bone_RR_cloth01-Interpolations">
          <Name_array id="bone_RR_cloth01-Interpolations-array" count="13">
 LINEAR LINEAR LINEAR LINEAR LINEAR LINEAR LINEAR LINEAR LINEAR LINEAR LINEAR
LINEAR LINEAR</Name_array>
          <technique_common>
            <accessor source="#bone_RR_cloth01-Interpolations-array" count="13">
              <param type="name"/>
            </accessor>
          </technique_common>
        </source>
        <sampler id="bone_RR_cloth01-Matrix-animation-transform">
          <input semantic="INPUT" source="#bone_RR_cloth01-Matrix-animation-input"/>
          <input semantic="OUTPUT" source="#bone_RR_cloth01-Matrix-animation-output-transform"/>
          <input semantic="INTERPOLATION" source="#bone_RR_cloth01-Interpolations"/>
        </sampler>
        <channel source="#bone_RR_cloth01-Matrix-animation-transform" target="bone_RR_cloth01/matrix"/>
      </animation>
      <animation>
        <source id="bone_RR_cloth01-visibility-animation-input">
          <float_array id="bone_RR_cloth01-visibility-animation-input-array" count="13">

0.033333 0.066667 0.100000 0.133333 0.166667 0.200000 0.233333 0.266667 0.300000 0.333333 0.366667 0.400000 0.433333</float_array>
          <technique_common>
            <accessor source="#bone_RR_cloth01-visibility-animation-input-array" count="13">
              <param name="TIME" type="float"/>
            </accessor>
          </technique_common>
        </source>
        <source id="bone_RR_cloth01-visibility-animation-output">
          <float_array id="bone_RR_cloth01-visibility-animation-output-array" count="13">

1.000000 1.000000 1.000000 1.000000 1.000000 1.000000 1.000000 1.000000 1.000000 1.000000 1.000000 1.000000 1.000000</float_array>
          <technique_common>
            <accessor source="#bone_RR_cloth01-visibility-animation-output-array" count="13">
              <param type="float"/>
            </accessor>
          </technique_common>
        </source>
        <source id="bone_RR_cloth01-visibility-animation-intan">
          <float_array id="bone_RR_cloth01-visibility-animation-intan-array" count="13">

0.000000 0.000000 0.000000 0.000000 0.000000 0.000000 0.000000 0.000000 0.000000 0.000000 0.000000 0.000000 0.000000</float_array>
          <technique_common>
            <accessor source="#bone_RR_cloth01-visibility-animation-intan-array" count="13">
              <param type="float"/>
            </accessor>
          </technique_common>
        </source>
        <source id="bone_RR_cloth01-visibility-animation-outtan">
          <float_array id="bone_RR_cloth01-visibility-animation-outtan-array" count="13">

0.000000 0.000000 0.000000 0.000000 0.000000 0.000000 0.000000 0.000000 0.000000 0.000000 0.000000 0.000000 0.000000</float_array>
          <technique_common>
            <accessor source="#bone_RR_cloth01-visibility-animation-outtan-array" count="13">
              <param type="float"/>
            </accessor>
          </technique_common>
        </source>
        <source id="bone_RR_cloth01-visibility-animation-interpolation">
          <Name_array id="bone_RR_cloth01-visibility-animation-interpolation-array" count="13">
 BEZIER BEZIER BEZIER BEZIER BEZIER BEZIER BEZIER BEZIER BEZIER BEZIER BEZIER
BEZIER BEZIER</Name_array>
          <technique_common>
            <accessor source="#bone_RR_cloth01-visibility-animation-interpolation-array" count="13">
              <param type="name"/>
            </accessor>
          </technique_common>
        </source>
        <sampler id="bone_RR_cloth01-visibility-animation">
          <input semantic="INPUT" source="#bone_RR_cloth01-visibility-animation-input"/>
          <input semantic="OUTPUT" source="#bone_RR_cloth01-visibility-animation-output"/>
          <input semantic="IN_TANGENT" source="#bone_RR_cloth01-visibility-animation-intan"/>
          <input semantic="OUT_TANGENT" source="#bone_RR_cloth01-visibility-animation-outtan"/>
          <input semantic="INTERPOLATION" source="#bone_RR_cloth01-visibility-animation-interpolation"/>
        </sampler>
        <channel source="#bone_RR_cloth01-visibility-animation" target="bone_RR_cloth01/visibility"/>
      </animation>
    </animation>
    <animation id="bone_RR_cloth00-anim" name="bone_RR_cloth00">
      <animation>
        <source id="bone_RR_cloth00-Matrix-animation-input">
          <float_array id="bone_RR_cloth00-Matrix-animation-input-array" count="13">

0.033333 0.066667 0.100000 0.133333 0.166667 0.200000 0.233333 0.266667 0.300000 0.333333 0.366667 0.400000 0.433333</float_array>
          <technique_common>
            <accessor source="#bone_RR_cloth00-Matrix-animation-input-array" count="13">
              <param name="TIME" type="float"/>
            </accessor>
          </technique_common>
        </source>
        <source id="bone_RR_cloth00-Matrix-animation-output-transform">
          <float_array id="bone_RR_cloth00-Matrix-animation-output-transform-array" count="208">

0.979552 -0.196763 -0.041979 46.262737 0.197412 0.980248 0.011893 0.000064 0.038810 -0.019937 0.999048 -0.000004 0.000000 0.000000 0.000000 1.000000
0.974510 -0.209224 -0.080971 46.262733 0.210761 0.977478 0.010822 0.000064 0.076883 -0.027612 0.996658 -0.000004 0.000000 0.000000 0.000000 1.000000
0.953129 -0.233651 -0.192230 46.262714 0.236097 0.971674 -0.010409 0.000060 0.189217 -0.035464 0.981295 -0.000006 0.000000 0.000000 0.000000 1.000000
0.908928 -0.262660 -0.323819 46.262695 0.263560 0.963731 -0.041926 0.000056 0.323087 -0.047238 0.945190 -0.000011 0.000000 0.000000 0.000000 1.000000
0.891244 -0.298781 -0.341195 46.262691 0.298232 0.952884 -0.055411 0.000054 0.341675 -0.052371 0.938358 -0.000012 0.000000 0.000000 0.000000 1.000000
0.893969 -0.329887 -0.303304 46.262699 0.332512 0.942046 -0.044552 0.000055 0.300423 -0.061024 0.951852 -0.000010 0.000000 0.000000 0.000000 1.000000
0.913573 -0.343568 -0.217590 46.262711 0.347956 0.937317 -0.019070 0.000059 0.210503 -0.058290 0.975854 -0.000007 0.000000 0.000000 0.000000 1.000000
0.931715 -0.336427 0.136838 46.262764 0.333772 0.941690 0.042607 0.000069 -0.143193 0.005975 0.989677 -0.000006 0.000000 0.000000 0.000000 1.000000
0.786314 -0.278302 0.551596 46.262825 0.272250 0.957524 0.095010 0.000076 -0.554608 0.075464 0.828683 -0.000030 0.000000 0.000000 0.000000 1.000000
0.759163 -0.224371 0.611007 46.262836 0.221989 0.971679 0.080998 0.000074 -0.611876 0.074146 0.787471 -0.000037 0.000000 0.000000 0.000000 1.000000
0.922860 -0.208313 0.323938 46.262794 0.207587 0.977509 0.037210 0.000068 -0.324404 0.032906 0.945346 -0.000013 0.000000 0.000000 0.000000 1.000000
0.979157 -0.200492 0.032465 46.262749 0.200258 0.979689 0.010342 0.000063 -0.033879 -0.003625 0.999419 -0.000004 0.000000 0.000000 0.000000 1.000000
0.979552 -0.196763 -0.041979 46.262737 0.197412 0.980248 0.011893 0.000064 0.038810 -0.019937 0.999048 -0.000004 0.000000 0.000000 0.000000 1.000000</float_array>
          <technique_common>
            <accessor source="#bone_RR_cloth00-Matrix-animation-output-transform-array" count="13" stride="16">
              <param type="float4x4"/>
            </accessor>
          </technique_common>
        </source>
        <source id="bone_RR_cloth00-Interpolations">
          <Name_array id="bone_RR_cloth00-Interpolations-array" count="13">
 LINEAR LINEAR LINEAR LINEAR LINEAR LINEAR LINEAR LINEAR LINEAR LINEAR LINEAR
LINEAR LINEAR</Name_array>
          <technique_common>
            <accessor source="#bone_RR_cloth00-Interpolations-array" count="13">
              <param type="name"/>
            </accessor>
          </technique_common>
        </source>
        <sampler id="bone_RR_cloth00-Matrix-animation-transform">
          <input semantic="INPUT" source="#bone_RR_cloth00-Matrix-animation-input"/>
          <input semantic="OUTPUT" source="#bone_RR_cloth00-Matrix-animation-output-transform"/>
          <input semantic="INTERPOLATION" source="#bone_RR_cloth00-Interpolations"/>
