<?xml version="1.0" encoding="utf-8"?>
<COLLADA xmlns="http://www.collada.org/2005/11/COLLADASchema" version="1.4.1">
  <asset>
    <contributor>
      <author/>
      <authoring_tool>FBX COLLADA exporter</authoring_tool>
      <comments/>
    </contributor>
    <created>2025-03-24T07:35:50Z</created>
    <keywords/>
    <modified>2025-03-24T07:35:50Z</modified>
    <revision/>
    <subject/>
    <title/>
    <unit meter="0.010000" name="centimeter"/>
    <up_axis>Y_UP</up_axis>
  </asset>
  <library_animations>
    <animation id="bone_horse_hip-anim" name="bone_horse_hip">
      <animation>
        <source id="bone_horse_hip-Matrix-animation-input">
          <float_array id="bone_horse_hip-Matrix-animation-input-array" count="29">

0.000000 0.033334 0.066667 0.100000 0.133334 0.166667 0.200000 0.233334 0.266667 0.300000 0.333334 0.366667 0.400000 0.433334 0.466667 0.500000
0.533334 0.566667 0.600000 0.633334 0.666667 0.700000 0.733334 0.766667 0.800000 0.833334 0.866667 0.900000 0.933334</float_array>
          <technique_common>
            <accessor source="#bone_horse_hip-Matrix-animation-input-array" count="29">
              <param name="TIME" type="float"/>
            </accessor>
          </technique_common>
        </source>
        <source id="bone_horse_hip-Matrix-animation-output-transform">
          <float_array id="bone_horse_hip-Matrix-animation-output-transform-array" count="464">

-0.020462 -0.134740 0.990670 -0.470024 -0.962095 -0.266868 -0.056168 64.290817 0.271946 -0.954267 -0.124172 159.787720 0.000000 0.000000 0.000000 1.000000
-0.020806 -0.134687 0.990670 -0.336947 -0.962774 -0.264407 -0.056168 63.498650 0.269505 -0.954960 -0.124172 158.733704 0.000000 0.000000 0.000000 1.000000
-0.021326 -0.134606 0.990670 -0.135916 -0.963788 -0.260687 -0.056168 62.455456 0.265815 -0.955994 -0.124172 157.367065 0.000000 0.000000 0.000000 1.000000
-0.021978 -0.134501 0.990670 0.116071 -0.965039 -0.256016 -0.056168 61.230053 0.261182 -0.957270 -0.124172 155.774857 0.000000 0.000000 0.000000 1.000000
-0.022716 -0.134378 0.990670 0.402044 -0.966431 -0.250710 -0.056167 59.891159 0.255918 -0.958690 -0.124172 154.044022 0.000000 0.000000 0.000000 1.000000
-0.023498 -0.134243 0.990670 0.705004 -0.967875 -0.245079 -0.056167 58.507607 0.250333 -0.960164 -0.124172 152.261627 0.000000 0.000000 0.000000 1.000000
-0.024280 -0.134105 0.990670 1.007956 -0.969285 -0.239441 -0.056168 57.148216 0.244739 -0.961605 -0.124172 150.514740 0.000000 0.000000 0.000000 1.000000
-0.025016 -0.133969 0.990670 1.293928 -0.970586 -0.234111 -0.056168 55.881702 0.239452 -0.962935 -0.124172 148.890274 0.000000 0.000000 0.000000 1.000000
-0.025665 -0.133846 0.990670 1.545922 -0.971708 -0.229408 -0.056169 54.776894 0.234786 -0.964083 -0.124172 147.475342 0.000000 0.000000 0.000000 1.000000
-0.026181 -0.133746 0.990670 1.746946 -0.972587 -0.225653 -0.056168 53.902603 0.231060 -0.964983 -0.124172 146.356949 0.000000 0.000000 0.000000 1.000000
-0.026523 -0.133679 0.990670 1.880020 -0.973161 -0.223166 -0.056168 53.327568 0.228592 -0.965571 -0.124172 145.622086 0.000000 0.000000 0.000000 1.000000
-0.026647 -0.133654 0.990670 1.928153 -0.973367 -0.222266 -0.056168 53.120613 0.227699 -0.965782 -0.124172 145.357788 0.000000 0.000000 0.000000 1.000000
-0.026523 -0.133679 0.990670 1.880909 -0.973160 -0.223168 -0.056168 53.373577 0.228594 -0.965570 -0.124172 145.689529 0.000000 0.000000 0.000000 1.000000
-0.026181 -0.133746 0.990670 1.750633 -0.972587 -0.225655 -0.056168 54.071129 0.231062 -0.964983 -0.124172 146.604279 0.000000 0.000000 0.000000 1.000000
-0.025666 -0.133846 0.990670 1.554519 -0.971711 -0.229397 -0.056168 55.121208 0.234774 -0.964086 -0.124172 147.981323 0.000000 0.000000 0.000000 1.000000
-0.025023 -0.133968 0.990670 1.309766 -0.970598 -0.234061 -0.056168 56.431721 0.239402 -0.962947 -0.124172 149.699905 0.000000 0.000000 0.000000 1.000000
-0.024296 -0.134101 0.990670 1.033549 -0.969315 -0.239320 -0.056168 57.910702 0.244619 -0.961636 -0.124172 151.639404 0.000000 0.000000 0.000000 1.000000
-0.023532 -0.134238 0.990670 0.743067 -0.967935 -0.244841 -0.056168 59.466064 0.250096 -0.960226 -0.124172 153.679092 0.000000 0.000000 0.000000 1.000000
-0.022774 -0.134369 0.990670 0.455520 -0.966538 -0.250299 -0.056168 61.005711 0.255511 -0.958799 -0.124172 155.698135 0.000000 0.000000 0.000000 1.000000
-0.022068 -0.134486 0.990670 0.188082 -0.965211 -0.255369 -0.056168 62.437687 0.260540 -0.957445 -0.124172 157.576004 0.000000 0.000000 0.000000 1.000000
-0.021460 -0.134584 0.990670 -0.042047 -0.964048 -0.259725 -0.056167 63.669895 0.264861 -0.956258 -0.124172 159.191895 0.000000 0.000000 0.000000 1.000000
-0.020996 -0.134657 0.990670 -0.217672 -0.963147 -0.263046 -0.056167 64.610260 0.268155 -0.955340 -0.124172 160.425064 0.000000 0.000000 0.000000 1.000000
-0.020722 -0.134700 0.990670 -0.321611 -0.962608 -0.265010 -0.056168 65.166794 0.270103 -0.954791 -0.124172 161.154892 0.000000 0.000000 0.000000 1.000000
-0.020579 -0.134722 0.990670 -0.375489 -0.962328 -0.266028 -0.056168 65.455284 0.271113 -0.954505 -0.124172 161.533203 0.000000 0.000000 0.000000 1.000000
-0.020477 -0.134737 0.990670 -0.414093 -0.962126 -0.266757 -0.056168 65.661987 0.271836 -0.954299 -0.124172 161.804276 0.000000 0.000000 0.000000 1.000000
-0.020409 -0.134748 0.990670 -0.439972 -0.961990 -0.267246 -0.056168 65.800552 0.272321 -0.954161 -0.124172 161.985992 0.000000 0.000000 0.000000 1.000000
-0.020367 -0.134754 0.990670 -0.455669 -0.961908 -0.267541 -0.056168 65.884598 0.272614 -0.954077 -0.124172 162.096207 0.000000 0.000000 0.000000 1.000000
-0.020346 -0.134757 0.990670 -0.463729 -0.961865 -0.267694 -0.056168 65.927757 0.272765 -0.954034 -0.124172 162.152802 0.000000 0.000000 0.000000 1.000000
-0.020338 -0.134759 0.990670 -0.466699 -0.961850 -0.267750 -0.056168 65.943657 0.272821 -0.954018 -0.124172 162.173660 0.000000 0.000000 0.000000 1.000000</float_array>
          <technique_common>
            <accessor source="#bone_horse_hip-Matrix-animation-output-transform-array" count="29" stride="16">
              <param type="float4x4"/>
            </accessor>
          </technique_common>
        </source>
        <source id="bone_horse_hip-Interpolations">
          <Name_array id="bone_horse_hip-Interpolations-array" count="29">
 LINEAR LINEAR LINEAR LINEAR LINEAR LINEAR LINEAR LINEAR LINEAR LINEAR LINEAR
LINEAR LINEAR LINEAR LINEAR LINEAR LINEAR LINEAR LINEAR LINEAR LINEAR LINEAR LINEAR
LINEAR LINEAR LINEAR LINEAR LINEAR LINEAR</Name_array>
          <technique_common>
            <accessor source="#bone_horse_hip-Interpolations-array" count="29">
              <param type="name"/>
            </accessor>
          </technique_common>
        </source>
        <sampler id="bone_horse_hip-Matrix-animation-transform">
          <input semantic="INPUT" source="#bone_horse_hip-Matrix-animation-input"/>
          <input semantic="OUTPUT" source="#bone_horse_hip-Matrix-animation-output-transform"/>
          <input semantic="INTERPOLATION" source="#bone_horse_hip-Interpolations"/>
        </sampler>
        <channel source="#bone_horse_hip-Matrix-animation-transform" target="bone_horse_hip/matrix"/>
      </animation>
    </animation>
    <animation id="bone_RR_thight-anim" name="bone_RR_thight">
      <animation>
        <source id="bone_RR_thight-Matrix-animation-input">
          <float_array id="bone_RR_thight-Matrix-animation-input-array" count="29">

0.000000 0.033334 0.066667 0.100000 0.133334 0.166667 0.200000 0.233334 0.266667 0.300000 0.333334 0.366667 0.400000 0.433334 0.466667 0.500000
0.533334 0.566667 0.600000 0.633334 0.666667 0.700000 0.733334 0.766667 0.800000 0.833334 0.866667 0.900000 0.933334</float_array>
          <technique_common>
            <accessor source="#bone_RR_thight-Matrix-animation-input-array" count="29">
              <param name="TIME" type="float"/>
            </accessor>
          </technique_common>
        </source>
        <source id="bone_RR_thight-Matrix-animation-output-transform">
          <float_array id="bone_RR_thight-Matrix-animation-output-transform-array" count="464">

0.004478 0.108452 0.994091 -34.370377 0.456422 0.884291 -0.098529 66.212837 -0.889752 0.454166 -0.045540 164.036865 0.000000 0.000000 0.000000 1.000000
0.005242 0.107057 0.994239 -34.237297 0.483808 0.869869 -0.096216 65.420670 -0.875158 0.481526 -0.047235 162.982849 0.000000 0.000000 0.000000 1.000000
0.005473 0.105158 0.994441 -34.036270 0.516204 0.851416 -0.092875 64.377472 -0.856449 0.513842 -0.049623 161.616196 0.000000 0.000000 0.000000 1.000000
0.005052 0.102844 0.994685 -33.784279 0.550389 0.830190 -0.088632 63.152073 -0.834893 0.547911 -0.052410 160.024002 0.000000 0.000000 0.000000 1.000000
0.003978 0.100207 0.994959 -33.498306 0.584011 0.807424 -0.083654 61.813179 -0.811736 0.581400 -0.055310 158.293167 0.000000 0.000000 0.000000 1.000000
0.002340 0.097344 0.995248 -33.195347 0.615370 0.784354 -0.078163 60.429630 -0.788236 0.612628 -0.058067 156.510773 0.000000 0.000000 0.000000 1.000000
0.000299 0.094379 0.995536 -32.892395 0.643267 0.762207 -0.072452 59.070240 -0.765642 0.640417 -0.060483 154.763870 0.000000 0.000000 0.000000 1.000000
-0.001934 0.091463 0.995807 -32.606422 0.666911 0.742131 -0.066868 57.803726 -0.745135 0.663985 -0.062433 153.139420 0.000000 0.000000 0.000000 1.000000
-0.004113 0.088785 0.996042 -32.354431 0.685811 0.725150 -0.061806 56.698917 -0.727768 0.682843 -0.063872 151.724487 0.000000 0.000000 0.000000 1.000000
-0.005976 0.086567 0.996228 -32.153404 0.699678 0.712126 -0.057683 55.824627 -0.714433 0.696694 -0.064825 150.606079 0.000000 0.000000 0.000000 1.000000
-0.007264 0.085060 0.996349 -32.020332 0.708285 0.703787 -0.054920 55.249592 -0.705889 0.705300 -0.065359 149.871231 0.000000 0.000000 0.000000 1.000000
-0.007741 0.084508 0.996393 -31.972198 0.711283 0.700835 -0.053914 55.042637 -0.702863 0.708300 -0.065534 149.606934 0.000000 0.000000 0.000000 1.000000
-0.007293 0.085156 0.996341 -32.019444 0.707482 0.704584 -0.055041 55.295601 -0.706693 0.704492 -0.065385 149.938675 0.000000 0.000000 0.000000 1.000000
-0.006098 0.086913 0.996197 -32.149719 0.696649 0.715054 -0.058120 55.993153 -0.717386 0.693646 -0.064908 150.853424 0.000000 0.000000 0.000000 1.000000
-0.004416 0.089475 0.995979 -32.345833 0.679333 0.731150 -0.062672 57.043228 -0.733817 0.676324 -0.064012 152.230469 0.000000 0.000000 0.000000 1.000000
-0.002534 0.092538 0.995706 -32.590584 0.655917 0.751746 -0.068196 58.353741 -0.754829 0.652927 -0.062602 153.949051 0.000000 0.000000 0.000000 1.000000
-0.000741 0.095828 0.995398 -32.866802 0.626859 0.775592 -0.074200 59.832722 -0.779133 0.623919 -0.060645 155.888550 0.000000 0.000000 0.000000 1.000000
0.000702 0.099112 0.995076 -33.157288 0.592870 0.801292 -0.080229 61.388084 -0.805298 0.590007 -0.058198 157.928223 0.000000 0.000000 0.000000 1.000000
0.001586 0.102200 0.994763 -33.444832 0.555080 0.827351 -0.085885 62.927734 -0.831796 0.552309 -0.055417 159.947281 0.000000 0.000000 0.000000 1.000000
0.001789 0.104939 0.994477 -33.712273 0.515209 0.852236 -0.090856 64.359711 -0.857062 0.512526 -0.052541 161.825134 0.000000 0.000000 0.000000 1.000000
0.001311 0.107197 0.994237 -33.942398 0.475883 0.874373 -0.094901 65.591911 -0.879507 0.473265 -0.049867 163.441040 0.000000 0.000000 0.000000 1.000000
0.000356 0.108851 0.994058 -34.118023 0.441251 0.892034 -0.097837 66.532280 -0.897383 0.438664 -0.047713 164.674210 0.000000 0.000000 0.000000 1.000000
-0.000576 0.109799 0.993954 -34.221962 0.417824 0.903061 -0.099517 67.088814 -0.908528 0.415240 -0.046397 165.404022 0.000000 0.000000 0.000000 1.000000
-0.001213 0.110277 0.993900 -34.275841 0.404440 0.909041 -0.100368 67.377304 -0.914564 0.401851 -0.045703 165.782349 0.000000 0.000000 0.000000 1.000000
-0.001756 0.110613 0.993862 -34.314445 0.394139 0.913487 -0.100971 67.584007 -0.919049 0.391542 -0.045201 166.053421 0.000000 0.000000 0.000000 1.000000
-0.002171 0.110835 0.993837 -34.340324 0.386819 0.916567 -0.101373 67.722572 -0.922153 0.384215 -0.044863 166.235123 0.000000 0.000000 0.000000 1.000000
-0.002447 0.110966 0.993821 -34.356022 0.382184 0.918482 -0.101613 67.806618 -0.924083 0.379574 -0.044657 166.345337 0.000000 0.000000 0.000000 1.000000
-0.002596 0.111034 0.993813 -34.364082 0.379740 0.919482 -0.101737 67.849777 -0.925089 0.377127 -0.044551 166.401947 0.000000 0.000000 0.000000 1.000000
-0.002652 0.111060 0.993810 -34.367050 0.378828 0.919853 -0.101784 67.865677 -0.925463 0.376213 -0.044512 166.422791 0.000000 0.000000 0.000000 1.000000</float_array>
          <technique_common>
            <accessor source="#bone_RR_thight-Matrix-animation-output-transform-array" count="29" stride="16">
              <param type="float4x4"/>
            </accessor>
          </technique_common>
        </source>
        <source id="bone_RR_thight-Interpolations">
          <Name_array id="bone_RR_thight-Interpolations-array" count="29">
 LINEAR LINEAR LINEAR LINEAR LINEAR LINEAR LINEAR LINEAR LINEAR LINEAR LINEAR
LINEAR LINEAR LINEAR LINEAR LINEAR LINEAR LINEAR LINEAR LINEAR LINEAR LINEAR LINEAR
LINEAR LINEAR LINEAR LINEAR LINEAR LINEAR</Name_array>
          <technique_common>
            <accessor source="#bone_RR_thight-Interpolations-array" count="29">
              <param type="name"/>
            </accessor>
          </technique_common>
        </source>
        <sampler id="bone_RR_thight-Matrix-animation-transform">
          <input semantic="INPUT" source="#bone_RR_thight-Matrix-animation-input"/>
          <input semantic="OUTPUT" source="#bone_RR_thight-Matrix-animation-output-transform"/>
          <input semantic="INTERPOLATION" source="#bone_RR_thight-Interpolations"/>
        </sampler>
        <channel source="#bone_RR_thight-Matrix-animation-transform" target="bone_RR_thight/matrix"/>
      </animation>
    </animation>
    <animation id="bone_RR_leg-anim" name="bone_RR_leg">
      <animation>
        <source id="bone_RR_leg-Matrix-animation-input">
          <float_array id="bone_RR_leg-Matrix-animation-input-array" count="29">

0.000000 0.033334 0.066667 0.100000 0.133334 0.166667 0.200000 0.233334 0.266667 0.300000 0.333334 0.366667 0.400000 0.433334 0.466667 0.500000
0.533334 0.566667 0.600000 0.633334 0.666667 0.700000 0.733334 0.766667 0.800000 0.833334 0.866667 0.900000 0.933334</float_array>
          <technique_common>
            <accessor source="#bone_RR_leg-Matrix-animation-input-array" count="29">
              <param name="TIME" type="float"/>
            </accessor>
          </technique_common>
        </source>
        <source id="bone_RR_leg-Matrix-animation-output-transform">
          <float_array id="bone_RR_leg-Matrix-animation-output-transform-array" count="464">

-0.033691 0.103187 0.994091 -33.964756 0.118750 0.988023 -0.098532 107.549042 -0.992352 0.114729 -0.045541 83.455719 0.000000 0.000000 0.000000 1.000000
-0.036742 0.100693 0.994239 -33.762501 0.108043 0.989479 -0.096219 109.237183 -0.993467 0.103885 -0.047235 83.723434 0.000000 0.000000 0.000000 1.000000
-0.040091 0.097363 0.994442 -33.540596 0.101819 0.990459 -0.092868 111.127907 -0.993995 0.097530 -0.049622 84.051270 0.000000 0.000000 0.000000 1.000000
-0.043318 0.093413 0.994685 -33.326714 0.101551 0.990874 -0.088633 112.998528 -0.993887 0.097172 -0.052409 84.411240 0.000000 0.000000 0.000000 1.000000
-0.046165 0.089025 0.994959 -33.138012 0.107536 0.990675 -0.083653 114.704666 -0.993129 0.103132 -0.055308 84.777657 0.000000 0.000000 0.000000 1.000000
-0.048498 0.084436 0.995248 -32.983368 0.119173 0.989792 -0.078166 116.161064 -0.991688 0.114816 -0.058065 85.123581 0.000000 0.000000 0.000000 1.000000
-0.050280 0.079869 0.995536 -32.865288 0.135173 0.988169 -0.072451 117.328270 -0.989545 0.130927 -0.060481 85.422905 0.000000 0.000000 0.000000 1.000000
-0.051543 0.075583 0.995807 -32.781548 0.153700 0.985852 -0.066872 118.203110 -0.986772 0.149609 -0.062431 85.655701 0.000000 0.000000 0.000000 1.000000
-0.052368 0.071812 0.996042 -32.726860 0.172500 0.983068 -0.061807 118.810020 -0.983616 0.168581 -0.063869 85.813614 0.000000 0.000000 0.000000 1.000000
-0.052856 0.068818 0.996228 -32.694553 0.189046 0.980272 -0.057685 119.191559 -0.980545 0.185284 -0.064823 85.902855 0.000000 0.000000 0.000000 1.000000
-0.053103 0.066841 0.996349 -32.678192 0.200725 0.978107 -0.054919 119.396011 -0.978207 0.197076 -0.065357 85.941788 0.000000 0.000000 0.000000 1.000000
-0.053178 0.066129 0.996393 -32.673210 0.205091 0.977257 -0.053913 119.460587 -0.977297 0.201484 -0.065531 85.951584 0.000000 0.000000 0.000000 1.000000
-0.053077 0.066989 0.996341 -32.679901 0.201115 0.978020 -0.055043 119.369324 -0.978129 0.197458 -0.065383 85.936401 0.000000 0.000000 0.000000 1.000000
-0.052744 0.069349 0.996197 -32.701931 0.190633 0.979939 -0.058124 119.085739 -0.980243 0.186842 -0.064906 85.882751 0.000000 0.000000 0.000000 1.000000
-0.052084 0.072889 0.995979 -32.745701 0.176231 0.982352 -0.062676 118.567513 -0.982970 0.172258 -0.064010 85.771683 0.000000 0.000000 0.000000 1.000000
-0.050962 0.077282 0.995706 -32.820057 0.160721 0.984641 -0.068197 117.757393 -0.985683 0.156555 -0.062600 85.587349 0.000000 0.000000 0.000000 1.000000
-0.049245 0.082209 0.995398 -32.933887 0.146816 0.986377 -0.074201 116.604660 -0.987937 0.142486 -0.060644 85.325745 0.000000 0.000000 0.000000 1.000000
-0.046833 0.087354 0.995076 -33.093700 0.136879 0.987333 -0.080232 115.081833 -0.989480 0.132447 -0.058197 84.995750 0.000000 0.000000 0.000000 1.000000
-0.043704 0.092397 0.994762 -33.301132 0.132707 0.987427 -0.085885 113.198982 -0.990191 0.128259 -0.055416 84.615028 0.000000 0.000000 0.000000 1.000000
-0.039945 0.097059 0.994477 -33.550240 0.135280 0.986633 -0.090860 111.020042 -0.990002 0.130904 -0.052541 84.204559 0.000000 0.000000 0.000000 1.000000
-0.035820 0.101044 0.994237 -33.823643 0.144350 0.984965 -0.094902 108.690674 -0.988878 0.140119 -0.049867 83.787727 0.000000 0.000000 0.000000 1.000000
-0.031865 0.104091 0.994058 -34.085728 0.157582 0.982647 -0.097845 106.494576 -0.986992 0.153528 -0.047715 83.401955 0.000000 0.000000 0.000000 1.000000
-0.029023 0.105899 0.993953 -34.274124 0.169424 0.980506 -0.099519 104.929367 -0.985116 0.165511 -0.046399 83.122475 0.000000 0.000000 0.000000 1.000000
-0.027340 0.106842 0.993900 -34.385677 0.177256 0.979033 -0.100368 104.005692 -0.983785 0.173431 -0.045705 82.954132 0.000000 0.000000 0.000000 1.000000
-0.026015 0.107528 0.993862 -34.473495 0.183837 0.977757 -0.100973 103.279549 -0.982612 0.180082 -0.045204 82.819000 0.000000 0.000000 0.000000 1.000000
-0.025057 0.107989 0.993836 -34.536953 0.188817 0.976766 -0.101374 102.755119 -0.981692 0.185113 -0.044865 82.719582 0.000000 0.000000 0.000000 1.000000
-0.024444 0.108271 0.993821 -34.577579 0.192103 0.976100 -0.101616 102.419456 -0.981070 0.188432 -0.044659 82.655037 0.000000 0.000000 0.000000 1.000000
-0.024119 0.108414 0.993813 -34.599144 0.193878 0.975736 -0.101737 102.241272 -0.980729 0.190225 -0.044553 82.620476 0.000000 0.000000 0.000000 1.000000
-0.023997 0.108470 0.993810 -34.607220 0.194548 0.975598 -0.101785 102.174553 -0.980599 0.190901 -0.044514 82.607475 0.000000 0.000000 0.000000 1.000000</float_array>
          <technique_common>
            <accessor source="#bone_RR_leg-Matrix-animation-output-transform-array" count="29" stride="16">
              <param type="float4x4"/>
            </accessor>
          </technique_common>
        </source>
        <source id="bone_RR_leg-Interpolations">
          <Name_array id="bone_RR_leg-Interpolations-array" count="29">
 LINEAR LINEAR LINEAR LINEAR LINEAR LINEAR LINEAR LINEAR LINEAR LINEAR LINEAR
LINEAR LINEAR LINEAR LINEAR LINEAR LINEAR LINEAR LINEAR LINEAR LINEAR LINEAR LINEAR
LINEAR LINEAR LINEAR LINEAR LINEAR LINEAR</Name_array>
          <technique_common>
            <accessor source="#bone_RR_leg-Interpolations-array" count="29">
              <param type="name"/>
            </accessor>
          </technique_common>
        </source>
        <sampler id="bone_RR_leg-Matrix-animation-transform">
          <input semantic="INPUT" source="#bone_RR_leg-Matrix-animation-input"/>
          <input semantic="OUTPUT" source="#bone_RR_leg-Matrix-animation-output-transform"/>
          <input semantic="INTERPOLATION" source="#bone_RR_leg-Interpolations"/>
        </sampler>
        <channel source="#bone_RR_leg-Matrix-animation-transform" target="bone_RR_leg/matrix"/>
      </animation>
    </animation>
    <animation id="bone_RR_foot-anim" name="bone_RR_foot">
      <animation>
        <source id="bone_RR_foot-Matrix-animation-input">
          <float_array id="bone_RR_foot-Matrix-animation-input-array" count="29">

0.000000 0.033334 0.066667 0.100000 0.133334 0.166667 0.200000 0.233334 0.266667 0.300000 0.333334 0.366667 0.400000 0.433334 0.466667 0.500000
0.533334 0.566667 0.600000 0.633334 0.666667 0.700000 0.733334 0.766667 0.800000 0.833334 0.866667 0.900000 0.933334</float_array>
          <technique_common>
            <accessor source="#bone_RR_foot-Matrix-animation-input-array" count="29">
              <param name="TIME" type="float"/>
            </accessor>
          </technique_common>
        </source>
        <source id="bone_RR_foot-Matrix-animation-output-transform">
          <float_array id="bone_RR_foot-Matrix-animation-output-transform-array" count="464">

0.000005 -0.371391 -0.928477 -36.197678 -0.000000 -0.928477 0.371391 115.419434 -1.000000 -0.000002 -0.000005 17.685551 0.000000 0.000000 0.000000 1.000000
0.000005 -0.371391 -0.928477 -36.197678 -0.000000 -0.928477 0.371391 116.397972 -1.000000 -0.000002 -0.000005 17.879402 0.000000 0.000000 0.000000 1.000000
0.000005 -0.371391 -0.928477 -36.197678 -0.000000 -0.928477 0.371391 117.876175 -1.000000 -0.000002 -0.000005 18.172260 0.000000 0.000000 0.000000 1.000000
0.000005 -0.371391 -0.928477 -36.197678 -0.000000 -0.928477 0.371391 119.729050 -1.000000 -0.000002 -0.000005 18.539389 0.000000 0.000000 0.000000 1.000000
0.000005 -0.371391 -0.928477 -36.197674 -0.000000 -0.928477 0.371391 121.831810 -1.000000 -0.000002 -0.000005 18.956043 0.000000 0.000000 0.000000 1.000000
0.000005 -0.371391 -0.928477 -36.197674 -0.000000 -0.928477 0.371391 124.059479 -1.000000 -0.000002 -0.000005 19.397432 0.000000 0.000000 0.000000 1.000000
0.000005 -0.371391 -0.928477 -36.197670 -0.000000 -0.928477 0.371391 126.287094 -1.000000 -0.000002 -0.000005 19.838781 0.000000 0.000000 0.000000 1.000000
0.000005 -0.371391 -0.928477 -36.197670 -0.000000 -0.928477 0.371391 128.389862 -1.000000 -0.000002 -0.000005 20.255373 0.000000 0.000000 0.000000 1.000000
0.000005 -0.371391 -0.928477 -36.197666 -0.000000 -0.928477 0.371391 130.242798 -1.000000 -0.000002 -0.000005 20.622456 0.000000 0.000000 0.000000 1.000000
0.000005 -0.371391 -0.928477 -36.197666 -0.000000 -0.928477 0.371391 131.720947 -1.000000 -0.000002 -0.000005 20.915281 0.000000 0.000000 0.000000 1.000000
0.000005 -0.371391 -0.928477 -36.197666 -0.000000 -0.928477 0.371391 132.699463 -1.000000 -0.000002 -0.000005 21.109123 0.000000 0.000000 0.000000 1.000000
0.000005 -0.371391 -0.928477 -36.197666 -0.000000 -0.928477 0.371391 133.053406 -1.000000 -0.000002 -0.000005 21.179234 0.000000 0.000000 0.000000 1.000000
0.000005 -0.371391 -0.928477 -36.197666 -0.000000 -0.928477 0.371391 132.698608 -1.000000 -0.000002 -0.000005 21.108948 0.000000 0.000000 0.000000 1.000000
0.000005 -0.371391 -0.928477 -36.197666 -0.000000 -0.928477 0.371391 131.720261 -1.000000 -0.000002 -0.000005 20.915129 0.000000 0.000000 0.000000 1.000000
0.000005 -0.371391 -0.928477 -36.197670 -0.000000 -0.928477 0.371391 130.247513 -1.000000 -0.000002 -0.000005 20.623352 0.000000 0.000000 0.000000 1.000000
0.000005 -0.371391 -0.928477 -36.197670 -0.000000 -0.928477 0.371391 128.409485 -1.000000 -0.000002 -0.000005 20.259195 0.000000 0.000000 0.000000 1.000000
0.000005 -0.371391 -0.928477 -36.197674 -0.000000 -0.928477 0.371391 126.335175 -1.000000 -0.000002 -0.000005 19.848204 0.000000 0.000000 0.000000 1.000000
0.000005 -0.371391 -0.928477 -36.197674 -0.000000 -0.928477 0.371391 124.153755 -1.000000 -0.000002 -0.000005 19.415964 0.000000 0.000000 0.000000 1.000000
0.000005 -0.371391 -0.928477 -36.197678 -0.000000 -0.928477 0.371391 121.994370 -1.000000 -0.000002 -0.000005 18.988096 0.000000 0.000000 0.000000 1.000000
0.000005 -0.371391 -0.928477 -36.197678 -0.000000 -0.928477 0.371391 119.985977 -1.000000 -0.000002 -0.000005 18.590187 0.000000 0.000000 0.000000 1.000000
0.000005 -0.371391 -0.928477 -36.197678 -0.000000 -0.928477 0.371391 118.257751 -1.000000 -0.000002 -0.000005 18.247822 0.000000 0.000000 0.000000 1.000000
0.000005 -0.371391 -0.928477 -36.197670 -0.000000 -0.928477 0.371391 116.938652 -1.000000 -0.000002 -0.000005 17.987080 0.000000 0.000000 0.000000 1.000000
0.000005 -0.371391 -0.928477 -36.197678 -0.000000 -0.928477 0.371391 116.158272 -1.000000 -0.000002 -0.000005 17.831919 0.000000 0.000000 0.000000 1.000000
0.000005 -0.371391 -0.928477 -36.197678 -0.000000 -0.928477 0.371391 115.753654 -1.000000 -0.000002 -0.000005 17.751772 0.000000 0.000000 0.000000 1.000000
0.000005 -0.371391 -0.928477 -36.197678 -0.000000 -0.928477 0.371391 115.463730 -1.000000 -0.000002 -0.000005 17.694368 0.000000 0.000000 0.000000 1.000000
0.000005 -0.371391 -0.928477 -36.197678 -0.000000 -0.928477 0.371391 115.269379 -1.000000 -0.000002 -0.000005 17.655914 0.000000 0.000000 0.000000 1.000000
0.000005 -0.371391 -0.928477 -36.197678 -0.000000 -0.928477 0.371391 115.151482 -1.000000 -0.000002 -0.000005 17.632614 0.000000 0.000000 0.000000 1.000000
0.000005 -0.371391 -0.928477 -36.197678 -0.000000 -0.928477 0.371391 115.090935 -1.000000 -0.000002 -0.000005 17.620657 0.000000 0.000000 0.000000 1.000000
0.000005 -0.371391 -0.928477 -36.197678 -0.000000 -0.928477 0.371391 115.068626 -1.000000 -0.000002 -0.000005 17.616255 0.000000 0.000000 0.000000 1.000000</float_array>
          <technique_common>
            <accessor source="#bone_RR_foot-Matrix-animation-output-transform-array" count="29" stride="16">
              <param type="float4x4"/>
            </accessor>
          </technique_common>
        </source>
        <source id="bone_RR_foot-Interpolations">
          <Name_array id="bone_RR_foot-Interpolations-array" count="29">
 LINEAR LINEAR LINEAR LINEAR LINEAR LINEAR LINEAR LINEAR LINEAR LINEAR LINEAR
LINEAR LINEAR LINEAR LINEAR LINEAR LINEAR LINEAR LINEAR LINEAR LINEAR LINEAR LINEAR
LINEAR LINEAR LINEAR LINEAR LINEAR LINEAR</Name_array>
          <technique_common>
            <accessor source="#bone_RR_foot-Interpolations-array" count="29">
              <param type="name"/>
            </accessor>
          </technique_common>
        </source>
        <sampler id="bone_RR_foot-Matrix-animation-transform">
          <input semantic="INPUT" source="#bone_RR_foot-Matrix-animation-input"/>
          <input semantic="OUTPUT" source="#bone_RR_foot-Matrix-animation-output-transform"/>
          <input semantic="INTERPOLATION" source="#bone_RR_foot-Interpolations"/>
        </sampler>
        <channel source="#bone_RR_foot-Matrix-animation-transform" target="bone_RR_foot/matrix"/>
      </animation>
    </animation>
    <animation id="bone_RR_cloth01-anim" name="bone_RR_cloth01">
      <animation>
        <source id="bone_RR_cloth01-Matrix-animation-input">
          <float_array id="bone_RR_cloth01-Matrix-animation-input-array" count="29">

0.000000 0.033334 0.066667 0.100000 0.133334 0.166667 0.200000 0.233334 0.266667 0.300000 0.333334 0.366667 0.400000 0.433334 0.466667 0.500000
0.533334 0.566667 0.600000 0.633334 0.666667 0.700000 0.733334 0.766667 0.800000 0.833334 0.866667 0.900000 0.933334</float_array>
          <technique_common>
            <accessor source="#bone_RR_cloth01-Matrix-animation-input-array" count="29">
              <param name="TIME" type="float"/>
            </accessor>
          </technique_common>
        </source>
        <source id="bone_RR_cloth01-Matrix-animation-output-transform">
          <float_array id="bone_RR_cloth01-Matrix-animation-output-transform-array" count="464">

-0.439800 0.888263 -0.132533 -48.464443 0.152936 -0.071342 -0.985658 73.929634 -0.884978 -0.453761 -0.104471 173.068161 0.000000 0.000000 0.000000 1.000000
-0.438768 0.888925 -0.131507 -48.350224 0.179939 -0.056468 -0.982056 72.841461 -0.880400 -0.454558 -0.135176 172.230194 0.000000 0.000000 0.000000 1.000000
-0.438057 0.889524 -0.129822 -48.171165 0.212070 -0.038082 -0.976512 71.425842 -0.873575 -0.455299 -0.171959 171.117844 0.000000 0.000000 0.000000 1.000000
-0.437790 0.889988 -0.127519 -47.942699 0.246232 -0.017724 -0.969049 69.780128 -0.864702 -0.455639 -0.211384 169.789459 0.000000 0.000000 0.000000 1.000000
-0.437992 0.890291 -0.124683 -47.680752 0.280094 0.003356 -0.959967 67.997849 -0.854231 -0.455381 -0.250835 168.311356 0.000000 0.000000 0.000000 1.000000
-0.438612 0.890434 -0.121434 -47.401581 0.311904 0.024107 -0.949808 66.170647 -0.842814 -0.454473 -0.288304 166.756729 0.000000 0.000000 0.000000 1.000000
-0.439545 0.890443 -0.117945 -47.121521 0.340373 0.043603 -0.939279 64.388741 -0.831232 -0.453000 -0.322248 165.204254 0.000000 0.000000 0.000000 1.000000
-0.440649 0.890356 -0.114431 -46.856842 0.364605 0.061029 -0.929160 62.740582 -0.820300 -0.451156 -0.351521 163.737015 0.000000 0.000000 0.000000 1.000000
-0.441767 0.890216 -0.111160 -46.623631 0.384023 0.075663 -0.920218 61.312851 -0.810783 -0.449210 -0.375289 162.441650 0.000000 0.000000 0.000000 1.000000
-0.442740 0.890070 -0.108432 -46.437729 0.398279 0.086870 -0.913142 60.190125 -0.803340 -0.447470 -0.392957 161.406860 0.000000 0.000000 0.000000 1.000000
-0.443418 0.889957 -0.106566 -46.314762 0.407122 0.094058 -0.908518 59.455372 -0.798518 -0.446239 -0.404029 160.721878 0.000000 0.000000 0.000000 1.000000
-0.443670 0.889914 -0.105882 -46.270306 0.410201 0.096609 -0.906864 59.191692 -0.796801 -0.445781 -0.407906 160.474579 0.000000 0.000000 0.000000 1.000000
-0.443469 0.889922 -0.106645 -46.312717 0.406235 0.093509 -0.908971 59.514397 -0.798942 -0.446424 -0.402986 160.785797 0.000000 0.000000 0.000000 1.000000
-0.442940 0.889936 -0.108710 -46.429764 0.394948 0.084829 -0.914779 60.406662 -0.804873 -0.448127 -0.389053 161.640335 0.000000 0.000000 0.000000 1.000000
-0.442217 0.889926 -0.111695 -46.606197 0.376952 0.071406 -0.923476 61.756344 -0.813849 -0.450481 -0.367036 162.916199 0.000000 0.000000 0.000000 1.000000
-0.441459 0.889853 -0.115219 -46.826630 0.352727 0.054032 -0.934165 63.451431 -0.825044 -0.453036 -0.337728 164.489670 0.000000 0.000000 0.000000 1.000000
-0.440832 0.889677 -0.118921 -47.075459 0.322852 0.033541 -0.945855 65.378647 -0.837516 -0.455357 -0.302020 166.238098 0.000000 0.000000 0.000000 1.000000
-0.440498 0.889357 -0.122493 -47.336800 0.288186 0.010859 -0.957512 67.422585 -0.850241 -0.457083 -0.261084 168.041687 0.000000 0.000000 0.000000 1.000000
-0.440584 0.888870 -0.125682 -47.594612 0.250005 -0.012974 -0.968158 69.465965 -0.862197 -0.457976 -0.216506 169.785553 0.000000 0.000000 0.000000 1.000000
-0.441154 0.888213 -0.128302 -47.832905 0.210130 -0.036759 -0.976982 71.389709 -0.872484 -0.457960 -0.170424 171.361542 0.000000 0.000000 0.000000 1.000000
-0.442173 0.887425 -0.130232 -48.035995 0.171203 -0.059022 -0.983466 73.071320 -0.880439 -0.457159 -0.125832 172.670609 0.000000 0.000000 0.000000 1.000000
-0.443437 0.886617 -0.131430 -48.188969 0.137242 -0.077741 -0.987482 74.380760 -0.885736 -0.455924 -0.087208 173.627762 0.000000 0.000000 0.000000 1.000000
-0.444489 0.886009 -0.131977 -48.278156 0.114430 -0.089964 -0.989349 75.173615 -0.888445 -0.454857 -0.061398 174.168488 0.000000 0.000000 0.000000 1.000000
-0.445162 0.885638 -0.132195 -48.323814 0.101455 -0.096795 -0.990120 75.592476 -0.889684 -0.454176 -0.046763 174.438065 0.000000 0.000000 0.000000 1.000000
-0.445716 0.885342 -0.132314 -48.356201 0.091496 -0.101978 -0.990570 75.897255 -0.890486 -0.453619 -0.035552 174.625183 0.000000 0.000000 0.000000 1.000000
-0.446130 0.885125 -0.132372 -48.377716 0.084432 -0.105621 -0.990816 76.104340 -0.890976 -0.453209 -0.027612 174.747101 0.000000 0.000000 0.000000 1.000000
-0.446401 0.884985 -0.132396 -48.390678 0.079966 -0.107911 -0.990939 76.231262 -0.891253 -0.452944 -0.022597 174.819412 0.000000 0.000000 0.000000 1.000000
-0.446546 0.884910 -0.132404 -48.397305 0.077612 -0.109112 -0.990995 76.296883 -0.891388 -0.452801 -0.019956 174.856003 0.000000 0.000000 0.000000 1.000000
-0.446601 0.884882 -0.132407 -48.399742 0.076734 -0.109560 -0.991014 76.321136 -0.891437 -0.452748 -0.018971 174.869400 0.000000 0.000000 0.000000 1.000000</float_array>
          <technique_common>
            <accessor source="#bone_RR_cloth01-Matrix-animation-output-transform-array" count="29" stride="16">
              <param type="float4x4"/>
            </accessor>
          </technique_common>
        </source>
        <source id="bone_RR_cloth01-Interpolations">
          <Name_array id="bone_RR_cloth01-Interpolations-array" count="29">
 LINEAR LINEAR LINEAR LINEAR LINEAR LINEAR LINEAR LINEAR LINEAR LINEAR LINEAR
LINEAR LINEAR LINEAR LINEAR LINEAR LINEAR LINEAR LINEAR LINEAR LINEAR LINEAR LINEAR
LINEAR LINEAR LINEAR LINEAR LINEAR LINEAR</Name_array>
          <technique_common>
            <accessor source="#bone_RR_cloth01-Interpolations-array" count="29">
              <param type="name"/>
            </accessor>
          </technique_common>
        </source>
        <sampler id="bone_RR_cloth01-Matrix-animation-transform">
          <input semantic="INPUT" source="#bone_RR_cloth01-Matrix-animation-input"/>
          <input semantic="OUTPUT" source="#bone_RR_cloth01-Matrix-animation-output-transform"/>
          <input semantic="INTERPOLATION" source="#bone_RR_cloth01-Interpolations"/>
        </sampler>
        <channel source="#bone_RR_cloth01-Matrix-animation-transform" target="bone_RR_cloth01/matrix"/>
      </animation>
    </animation>
    <animation id="bone_RR_cloth00-anim" name="bone_RR_cloth00">
      <animation>
        <source id="bone_RR_cloth00-Matrix-animation-input">
          <float_array id="bone_RR_cloth00-Matrix-animation-input-array" count="29">

0.000000 0.033334 0.066667 0.100000 0.133334 0.166667 0.200000 0.233334 0.266667 0.300000 0.333334 0.366667 0.400000 0.433334 0.466667 0.500000
0.533334 0.566667 0.600000 0.633334 0.666667 0.700000 0.733334 0.766667 0.800000 0.833334 0.866667 0.900000 0.933334</float_array>
          <technique_common>
            <accessor source="#bone_RR_cloth00-Matrix-animation-input-array" count="29">
              <param name="TIME" type="float"/>
            </accessor>
          </technique_common>
        </source>
        <source id="bone_RR_cloth00-Matrix-animation-output-transform">
          <float_array id="bone_RR_cloth00-Matrix-animation-output-transform-array" count="464">

-0.279430 0.952334 -0.122387 -68.810944 0.101723 -0.097385 -0.990035 81.004845 -0.954762 -0.289095 -0.069662 132.126572 0.000000 0.000000 0.000000 1.000000
-0.278261 0.952802 -0.121401 -68.649017 0.131053 -0.087549 -0.987502 81.165909 -0.951523 -0.290693 -0.100506 131.500397 0.000000 0.000000 0.000000 1.000000
-0.277393 0.953265 -0.119747 -68.437035 0.166122 -0.075172 -0.983236 81.236740 -0.946286 -0.292635 -0.137506 130.703827 0.000000 0.000000 0.000000 1.000000
-0.276964 0.953674 -0.117458 -68.196220 0.203607 -0.061216 -0.977137 81.171448 -0.939061 -0.294547 -0.177220 129.785889 0.000000 0.000000 0.000000 1.000000
-0.277005 0.954008 -0.114618 -67.943642 0.240986 -0.046496 -0.969414 80.955742 -0.930158 -0.296154 -0.217023 128.792236 0.000000 0.000000 0.000000 1.000000
-0.277471 0.954259 -0.111350 -67.693146 0.276328 -0.031735 -0.960539 80.600159 -0.920137 -0.297291 -0.254883 127.765778 0.000000 0.000000 0.000000 1.000000
-0.278259 0.954434 -0.107832 -67.456230 0.308175 -0.017616 -0.951167 80.135323 -0.909725 -0.297902 -0.289231 126.749123 0.000000 0.000000 0.000000 1.000000
-0.279232 0.954544 -0.104282 -67.242638 0.335472 -0.004781 -0.942038 79.608215 -0.899716 -0.298031 -0.318888 125.787643 0.000000 0.000000 0.000000 1.000000
-0.280237 0.954606 -0.100970 -67.061157 0.357495 0.006168 -0.933895 79.078796 -0.890879 -0.297808 -0.342995 124.932556 0.000000 0.000000 0.000000 1.000000
-0.281120 0.954634 -0.098207 -66.920258 0.373765 0.014660 -0.927408 78.615570 -0.883895 -0.297419 -0.360930 124.242073 0.000000 0.000000 0.000000 1.000000
-0.281739 0.954644 -0.096318 -66.828674 0.383908 0.020161 -0.923151 78.289963 -0.879339 -0.297065 -0.372176 123.780159 0.000000 0.000000 0.000000 1.000000
-0.281969 0.954646 -0.095625 -66.795853 0.387449 0.022121 -0.921626 78.168678 -0.877711 -0.296920 -0.376114 123.612289 0.000000 0.000000 0.000000 1.000000
-0.281799 0.954619 -0.096394 -66.828987 0.382922 0.019778 -0.923569 78.307945 -0.879750 -0.297172 -0.371118 123.824501 0.000000 0.000000 0.000000 1.000000
-0.281351 0.954539 -0.098476 -66.921570 0.370067 0.013245 -0.928911 78.678001 -0.885377 -0.297793 -0.356970 124.404633 0.000000 0.000000 0.000000 1.000000
-0.280751 0.954400 -0.101485 -67.064545 0.349665 0.003238 -0.936869 79.195168 -0.893819 -0.298513 -0.334630 125.265221 0.000000 0.000000 0.000000 1.000000
-0.280146 0.954194 -0.105036 -67.249878 0.322364 -0.009552 -0.946568 79.769508 -0.904212 -0.299037 -0.304922 126.320786 0.000000 0.000000 0.000000 1.000000
-0.279697 0.953909 -0.108756 -67.469734 0.288915 -0.024401 -0.957044 80.314613 -0.915586 -0.299104 -0.268773 127.492218 0.000000 0.000000 0.000000 1.000000
-0.279556 0.953535 -0.112334 -67.715630 0.250368 -0.040554 -0.967301 80.754875 -0.926911 -0.298540 -0.227398 128.707153 0.000000 0.000000 0.000000 1.000000
-0.279843 0.953071 -0.115517 -67.977386 0.208195 -0.057216 -0.976413 81.031845 -0.937199 -0.297292 -0.182413 129.897888 0.000000 0.000000 0.000000 1.000000
-0.280616 0.952525 -0.118111 -68.242058 0.164432 -0.073527 -0.983644 81.110870 -0.945630 -0.295448 -0.135992 130.997986 0.000000 0.000000 0.000000 1.000000
-0.281829 0.951931 -0.119994 -68.492317 0.121956 -0.088507 -0.988581 80.991608 -0.951682 -0.293245 -0.091150 131.939041 0.000000 0.000000 0.000000 1.000000
-0.283259 0.951361 -0.121146 -68.703728 0.085086 -0.100892 -0.991253 80.729935 -0.955262 -0.291089 -0.052369 132.651123 0.000000 0.000000 0.000000 1.000000
-0.284422 0.950950 -0.121648 -68.841599 0.060411 -0.108859 -0.992220 80.467438 -0.956794 -0.289558 -0.026486 133.066498 0.000000 0.000000 0.000000 1.000000
-0.285157 0.950705 -0.121839 -68.918388 0.046409 -0.113272 -0.992480 80.286011 -0.957356 -0.288667 -0.011821 133.278778 0.000000 0.000000 0.000000 1.000000
-0.285760 0.950512 -0.121938 -68.976433 0.035678 -0.116603 -0.992538 80.130066 -0.957637 -0.287978 -0.000592 133.428802 0.000000 0.000000 0.000000 1.000000
-0.286208 0.950372 -0.121973 -69.017097 0.028074 -0.118926 -0.992506 80.010353 -0.957756 -0.287487 0.007357 133.528030 0.000000 0.000000 0.000000 1.000000
-0.286499 0.950282 -0.121990 -69.042580 0.023271 -0.120388 -0.992454 79.930664 -0.957798 -0.287176 0.012377 133.587555 0.000000 0.000000 0.000000 1.000000
-0.286656 0.950235 -0.121993 -69.055931 0.020741 -0.121152 -0.992417 79.887398 -0.957809 -0.287013 0.015020 133.617889 0.000000 0.000000 0.000000 1.000000
-0.286715 0.950217 -0.121993 -69.060898 0.019797 -0.121436 -0.992402 79.871025 -0.957811 -0.286952 0.016006 133.629028 0.000000 0.000000 0.000000 1.000000</float_array>
          <technique_common>
            <accessor source="#bone_RR_cloth00-Matrix-animation-output-transform-array" count="29" stride="16">
              <param type="float4x4"/>
            </accessor>
          </technique_common>
        </source>
        <source id="bone_RR_cloth00-Interpolations">
          <Name_array id="bone_RR_cloth00-Interpolations-array" count="29">
 LINEAR LINEAR LINEAR LINEAR LINEAR LINEAR LINEAR LINEAR LINEAR LINEAR LINEAR
LINEAR LINEAR LINEAR LINEAR LINEAR LINEAR LINEAR LINEAR LINEAR LINEAR LINEAR LINEAR
LINEAR LINEAR LINEAR LINEAR LINEAR LINEAR</Name_array>
          <technique_common>
