<?xml version="1.0" encoding="utf-8"?>
<COLLADA xmlns="http://www.collada.org/2005/11/COLLADASchema" version="1.4.1">
  <asset>
    <contributor>
      <author/>
      <authoring_tool>FBX COLLADA exporter</authoring_tool>
      <comments/>
    </contributor>
    <created>2025-03-21T07:08:07Z</created>
    <keywords/>
    <modified>2025-03-21T07:08:07Z</modified>
    <revision/>
    <subject/>
    <title/>
    <unit meter="0.010000" name="centimeter"/>
    <up_axis>Y_UP</up_axis>
  </asset>
  <library_animations>
    <animation id="bone_horse_hip-anim" name="bone_horse_hip">
      <animation>
        <source id="bone_horse_hip-Matrix-animation-input">
          <float_array id="bone_horse_hip-Matrix-animation-input-array" count="121">

0.000000 0.033333 0.066667 0.100000 0.133333 0.166667 0.200000 0.233333 0.266667 0.300000 0.333333 0.366667 0.400000 0.433333 0.466667 0.500000
0.533333 0.566667 0.600000 0.633333 0.666667 0.700000 0.733333 0.766667 0.800000 0.833333 0.866667 0.900000 0.933333 0.966667 1.000000 1.033333
1.066667 1.100000 1.133333 1.166667 1.200000 1.233333 1.266667 1.300000 1.333333 1.366667 1.400000 1.433333 1.466667 1.500000 1.533333 1.566667
1.600000 1.633333 1.666667 1.700000 1.733333 1.766667 1.800000 1.833333 1.866667 1.900000 1.933333 1.966667 2.000000 2.033333 2.066667 2.100000
2.133333 2.166667 2.200000 2.233333 2.266667 2.300000 2.333333 2.366667 2.400000 2.433333 2.466667 2.500000 2.533333 2.566667 2.600000 2.633333
2.666667 2.700000 2.733333 2.766667 2.800000 2.833333 2.866667 2.900000 2.933333 2.966667 3.000000 3.033333 3.066667 3.100000 3.133333 3.166667
3.200000 3.233333 3.266667 3.300000 3.333333 3.366667 3.400000 3.433333 3.466667 3.500000 3.533333 3.566667 3.600000 3.633333 3.666667 3.700000
3.733333 3.766667 3.800000 3.833333 3.866667 3.900000 3.933333 3.966667 4.000000</float_array>
          <technique_common>
            <accessor source="#bone_horse_hip-Matrix-animation-input-array" count="121">
              <param name="TIME" type="float"/>
            </accessor>
          </technique_common>
        </source>
        <source id="bone_horse_hip-Matrix-animation-output-transform">
          <float_array id="bone_horse_hip-Matrix-animation-output-transform-array" count="1936">

-0.020337 -0.134759 0.990670 -0.467123 0.272829 -0.954016 -0.124172 162.176636 0.961848 0.267758 0.056168 -65.945930 0.000000 0.000000 0.000000 1.000000
-0.020337 -0.134759 0.990670 -0.277957 0.272829 -0.954016 -0.124172 161.783295 0.961848 0.267758 0.056168 -67.558411 0.000000 0.000000 0.000000 1.000000
-0.020337 -0.134759 0.990670 0.214839 0.272829 -0.954016 -0.124172 160.744797 0.961848 0.267758 0.056168 -71.759064 0.000000 0.000000 0.000000 1.000000
-0.020337 -0.134759 0.990670 0.899211 0.272829 -0.954016 -0.124172 159.273438 0.961848 0.267758 0.056168 -77.592735 0.000000 0.000000 0.000000 1.000000
-0.020337 -0.134759 0.990670 1.663105 0.272829 -0.954016 -0.124172 157.581497 0.961848 0.267758 0.056168 -84.104271 0.000000 0.000000 0.000000 1.000000
-0.020337 -0.134759 0.990670 2.394468 0.272829 -0.954016 -0.124172 155.881241 0.961848 0.267758 0.056168 -90.338493 0.000000 0.000000 0.000000 1.000000
-0.020337 -0.134759 0.990670 2.981245 0.272829 -0.954016 -0.124172 154.384979 0.961848 0.267758 0.056168 -95.340256 0.000000 0.000000 0.000000 1.000000
-0.020337 -0.134759 0.990670 3.311382 0.272829 -0.954016 -0.124172 153.304993 0.961848 0.267758 0.056168 -98.154388 0.000000 0.000000 0.000000 1.000000
-0.020337 -0.134759 0.990670 3.456146 0.272829 -0.954016 -0.124172 152.685501 0.961848 0.267758 0.056168 -99.388374 0.000000 0.000000 0.000000 1.000000
-0.020337 -0.134759 0.990670 3.564934 0.272829 -0.954016 -0.124172 152.354614 0.961848 0.267758 0.056168 -100.315697 0.000000 0.000000 0.000000 1.000000
-0.020337 -0.134759 0.990670 3.642884 0.272829 -0.954016 -0.124172 152.200363 0.961848 0.267758 0.056168 -100.980156 0.000000 0.000000 0.000000 1.000000
-0.020337 -0.134759 0.990670 3.695136 0.272829 -0.954016 -0.124172 152.110794 0.961848 0.267758 0.056168 -101.425560 0.000000 0.000000 0.000000 1.000000
-0.020337 -0.134759 0.990670 3.726830 0.272829 -0.954016 -0.124172 151.973938 0.961848 0.267758 0.056168 -101.695724 0.000000 0.000000 0.000000 1.000000
-0.020337 -0.134759 0.990670 3.743105 0.272829 -0.954016 -0.124172 151.677856 0.961848 0.267758 0.056168 -101.834457 0.000000 0.000000 0.000000 1.000000
-0.020337 -0.134759 0.990670 3.749102 0.272829 -0.954016 -0.124172 151.110580 0.961848 0.267758 0.056168 -101.885567 0.000000 0.000000 0.000000 1.000000
-0.020337 -0.134759 0.990670 3.749958 0.272829 -0.954016 -0.124172 150.160172 0.961848 0.267758 0.056168 -101.892868 0.000000 0.000000 0.000000 1.000000
-0.022166 -0.134470 0.990670 3.749958 0.259839 -0.957635 -0.124172 118.991562 0.965397 0.254662 0.056168 -28.969147 0.000000 0.000000 0.000000 1.000000
-0.024608 -0.134045 0.990670 3.749958 0.242380 -0.962202 -0.124172 134.378448 0.969869 0.237063 0.056168 -50.752018 0.000000 0.000000 0.000000 1.000000
-0.025891 -0.133803 0.990670 3.749958 0.233152 -0.964480 -0.124172 133.707245 0.972096 0.227761 0.056168 -48.017216 0.000000 0.000000 0.000000 1.000000
-0.027216 -0.133540 0.990670 3.749958 0.223582 -0.966743 -0.124172 133.226303 0.974305 0.218116 0.056168 -46.057636 0.000000 0.000000 0.000000 1.000000
-0.028495 -0.133273 0.990670 3.749958 0.214307 -0.968841 -0.124172 132.903915 0.976351 0.208770 0.056168 -44.744068 0.000000 0.000000 0.000000 1.000000
-0.029640 -0.133023 0.990670 3.749958 0.205969 -0.970648 -0.124172 132.708374 0.978110 0.200367 0.056168 -43.947315 0.000000 0.000000 0.000000 1.000000
-0.030564 -0.132814 0.990670 3.749958 0.199212 -0.972057 -0.124172 132.607956 0.979480 0.193558 0.056168 -43.538170 0.000000 0.000000 0.000000 1.000000
-0.031182 -0.132670 0.990670 3.749958 0.194684 -0.972974 -0.124172 132.570969 0.980370 0.188996 0.056168 -43.387432 0.000000 0.000000 0.000000 1.000000
-0.031407 -0.132617 0.990670 3.749958 0.193032 -0.973304 -0.124172 132.565674 0.980690 0.187331 0.056168 -43.365898 0.000000 0.000000 0.000000 1.000000
-0.031152 -0.132677 0.990670 3.653005 0.194908 -0.972930 -0.124172 133.255341 0.980327 0.189221 0.056168 -43.891808 0.000000 0.000000 0.000000 1.000000
-0.030450 -0.132840 0.990670 3.386984 0.200047 -0.971886 -0.124172 135.146347 0.979313 0.194399 0.056168 -45.333805 0.000000 0.000000 0.000000 1.000000
-0.029400 -0.133076 0.990670 2.989158 0.207715 -0.970276 -0.124172 137.971741 0.977747 0.202126 0.056168 -47.488323 0.000000 0.000000 0.000000 1.000000
-0.028100 -0.133357 0.990670 2.496788 0.217177 -0.968202 -0.124172 141.464539 0.975728 0.211661 0.056168 -50.151783 0.000000 0.000000 0.000000 1.000000
-0.026647 -0.133655 0.990670 1.947134 0.227699 -0.965782 -0.124172 145.357788 0.973367 0.222266 0.056168 -53.120609 0.000000 0.000000 0.000000 1.000000
-0.025141 -0.133946 0.990670 1.377457 0.238554 -0.963158 -0.124172 149.384521 0.970804 0.233206 0.056168 -56.191223 0.000000 0.000000 0.000000 1.000000
-0.023682 -0.134212 0.990670 0.825019 0.249019 -0.960505 -0.124172 153.277771 0.968209 0.243755 0.056168 -59.160046 0.000000 0.000000 0.000000 1.000000
-0.022371 -0.134436 0.990670 0.327082 0.258384 -0.958029 -0.124172 156.770584 0.965783 0.253195 0.056168 -61.823505 0.000000 0.000000 0.000000 1.000000
-0.021308 -0.134609 0.990670 -0.079096 0.265941 -0.955959 -0.124172 159.595963 0.963754 0.260814 0.056168 -63.978024 0.000000 0.000000 0.000000 1.000000
-0.020597 -0.134720 0.990670 -0.356251 0.270989 -0.954540 -0.124172 161.486969 0.962362 0.265904 0.056168 -65.420021 0.000000 0.000000 0.000000 1.000000
-0.020337 -0.134759 0.990670 -0.467123 0.272829 -0.954016 -0.124172 162.176636 0.961848 0.267758 0.056168 -65.945930 0.000000 0.000000 0.000000 1.000000
-0.020337 -0.134759 0.990670 -0.480953 0.272829 -0.954016 -0.124172 162.128067 0.961848 0.267758 0.056168 -65.912811 0.000000 0.000000 0.000000 1.000000
-0.020337 -0.134759 0.990670 -0.492028 0.272829 -0.954016 -0.124172 161.996246 0.961848 0.267758 0.056168 -65.822922 0.000000 0.000000 0.000000 1.000000
-0.020337 -0.134759 0.990670 -0.500653 0.272829 -0.954016 -0.124172 161.801971 0.961848 0.267758 0.056168 -65.690453 0.000000 0.000000 0.000000 1.000000
-0.020337 -0.134759 0.990670 -0.507134 0.272829 -0.954016 -0.124172 161.566071 0.961848 0.267758 0.056168 -65.529594 0.000000 0.000000 0.000000 1.000000
-0.020337 -0.134759 0.990670 -0.511778 0.272829 -0.954016 -0.124172 161.309357 0.961848 0.267758 0.056168 -65.354538 0.000000 0.000000 0.000000 1.000000
-0.020337 -0.134759 0.990670 -0.514891 0.272829 -0.954016 -0.124172 161.052643 0.961848 0.267758 0.056168 -65.179489 0.000000 0.000000 0.000000 1.000000
-0.020337 -0.134759 0.990670 -0.516780 0.272829 -0.954016 -0.124172 160.816742 0.961848 0.267758 0.056168 -65.018631 0.000000 0.000000 0.000000 1.000000
-0.020337 -0.134759 0.990670 -0.517749 0.272829 -0.954016 -0.124172 160.622467 0.961848 0.267758 0.056168 -64.886162 0.000000 0.000000 0.000000 1.000000
-0.020337 -0.134759 0.990670 -0.518107 0.272829 -0.954016 -0.124172 160.490631 0.961848 0.267758 0.056168 -64.796272 0.000000 0.000000 0.000000 1.000000
-0.020337 -0.134759 0.990670 -0.518158 0.272829 -0.954016 -0.124172 160.442062 0.961848 0.267758 0.056168 -64.763153 0.000000 0.000000 0.000000 1.000000
-0.020338 -0.134759 0.990670 -0.515074 0.272824 -0.954017 -0.124172 160.536346 0.961849 0.267753 0.056168 -64.827301 0.000000 0.000000 0.000000 1.000000
-0.020339 -0.134759 0.990670 -0.507122 0.272812 -0.954020 -0.124172 160.779510 0.961852 0.267741 0.056168 -64.992722 0.000000 0.000000 0.000000 1.000000
-0.020342 -0.134758 0.990670 -0.496249 0.272795 -0.954025 -0.124172 161.111969 0.961857 0.267724 0.056168 -65.218918 0.000000 0.000000 0.000000 1.000000
-0.020344 -0.134758 0.990670 -0.484402 0.272776 -0.954031 -0.124172 161.474228 0.961862 0.267705 0.056168 -65.465370 0.000000 0.000000 0.000000 1.000000
-0.020347 -0.134758 0.990670 -0.473529 0.272759 -0.954035 -0.124172 161.806686 0.961867 0.267688 0.056168 -65.691566 0.000000 0.000000 0.000000 1.000000
-0.020349 -0.134757 0.990670 -0.465577 0.272747 -0.954039 -0.124172 162.049850 0.961871 0.267675 0.056168 -65.856995 0.000000 0.000000 0.000000 1.000000
-0.020349 -0.134757 0.990670 -0.462493 0.272742 -0.954040 -0.124172 162.144135 0.961872 0.267671 0.056168 -65.921143 0.000000 0.000000 0.000000 1.000000
-0.020349 -0.134757 0.990670 -0.462607 0.272742 -0.954040 -0.124172 162.144104 0.961872 0.267671 0.056168 -65.921120 0.000000 0.000000 0.000000 1.000000
-0.020349 -0.134757 0.990670 -0.462940 0.272743 -0.954040 -0.124172 162.143875 0.961872 0.267671 0.056168 -65.920975 0.000000 0.000000 0.000000 1.000000
-0.020349 -0.134757 0.990670 -0.463479 0.272744 -0.954040 -0.124172 162.143295 0.961871 0.267672 0.056168 -65.920570 0.000000 0.000000 0.000000 1.000000
-0.020349 -0.134757 0.990670 -0.464214 0.272745 -0.954040 -0.124172 162.142136 0.961871 0.267673 0.056168 -65.919792 0.000000 0.000000 0.000000 1.000000
-0.020349 -0.134757 0.990670 -0.465131 0.272746 -0.954039 -0.124172 162.140244 0.961871 0.267675 0.056168 -65.918503 0.000000 0.000000 0.000000 1.000000
-0.020349 -0.134757 0.990670 -0.466218 0.272748 -0.954039 -0.124172 162.137421 0.961870 0.267676 0.056168 -65.916580 0.000000 0.000000 0.000000 1.000000
-0.020348 -0.134757 0.990670 -0.467464 0.272750 -0.954038 -0.124172 162.133484 0.961870 0.267678 0.056168 -65.913902 0.000000 0.000000 0.000000 1.000000
-0.020348 -0.134757 0.990670 -0.468856 0.272752 -0.954037 -0.124172 162.128250 0.961869 0.267681 0.056168 -65.910339 0.000000 0.000000 0.000000 1.000000
-0.020347 -0.134757 0.990670 -0.470382 0.272754 -0.954037 -0.124172 162.121521 0.961868 0.267683 0.056168 -65.905754 0.000000 0.000000 0.000000 1.000000
-0.020347 -0.134757 0.990670 -0.472029 0.272757 -0.954036 -0.124172 162.113113 0.961868 0.267686 0.056168 -65.900040 0.000000 0.000000 0.000000 1.000000
-0.020347 -0.134758 0.990670 -0.473786 0.272760 -0.954035 -0.124172 162.102844 0.961867 0.267688 0.056168 -65.893051 0.000000 0.000000 0.000000 1.000000
-0.020346 -0.134757 0.990670 -0.475640 0.272763 -0.954034 -0.124172 162.090530 0.961866 0.267691 0.056168 -65.884674 0.000000 0.000000 0.000000 1.000000
-0.020346 -0.134758 0.990670 -0.477580 0.272766 -0.954034 -0.124172 162.075974 0.961865 0.267694 0.056168 -65.874779 0.000000 0.000000 0.000000 1.000000
-0.020345 -0.134758 0.990670 -0.479593 0.272769 -0.954033 -0.124172 162.059006 0.961864 0.267697 0.056168 -65.863235 0.000000 0.000000 0.000000 1.000000
-0.020345 -0.134758 0.990670 -0.481666 0.272772 -0.954032 -0.124172 162.039444 0.961864 0.267701 0.056168 -65.849915 0.000000 0.000000 0.000000 1.000000
-0.020345 -0.134758 0.990670 -0.483788 0.272775 -0.954031 -0.124172 162.017075 0.961863 0.267704 0.056168 -65.834702 0.000000 0.000000 0.000000 1.000000
-0.020344 -0.134758 0.990670 -0.485947 0.272779 -0.954030 -0.124172 161.991730 0.961862 0.267707 0.056168 -65.817459 0.000000 0.000000 0.000000 1.000000
-0.020344 -0.134758 0.990670 -0.488130 0.272782 -0.954029 -0.124172 161.963226 0.961861 0.267711 0.056168 -65.798065 0.000000 0.000000 0.000000 1.000000
-0.020343 -0.134758 0.990670 -0.490325 0.272786 -0.954028 -0.124172 161.931366 0.961860 0.267714 0.056168 -65.776390 0.000000 0.000000 0.000000 1.000000
-0.020343 -0.134758 0.990670 -0.492521 0.272789 -0.954027 -0.124172 161.895981 0.961859 0.267718 0.056168 -65.752312 0.000000 0.000000 0.000000 1.000000
-0.020342 -0.134758 0.990670 -0.494704 0.272792 -0.954026 -0.124172 161.856857 0.961858 0.267721 0.056168 -65.725700 0.000000 0.000000 0.000000 1.000000
-0.020342 -0.134758 0.990670 -0.496863 0.272796 -0.954025 -0.124172 161.813843 0.961857 0.267724 0.056168 -65.696434 0.000000 0.000000 0.000000 1.000000
-0.020341 -0.134758 0.990670 -0.498985 0.272799 -0.954024 -0.124172 161.766724 0.961856 0.267728 0.056168 -65.664375 0.000000 0.000000 0.000000 1.000000
-0.020341 -0.134758 0.990670 -0.501058 0.272802 -0.954023 -0.124172 161.715332 0.961855 0.267731 0.056168 -65.629410 0.000000 0.000000 0.000000 1.000000
-0.020340 -0.134759 0.990670 -0.503071 0.272805 -0.954022 -0.124172 161.659454 0.961854 0.267734 0.056168 -65.591400 0.000000 0.000000 0.000000 1.000000
-0.020340 -0.134758 0.990670 -0.505010 0.272808 -0.954021 -0.124172 161.598938 0.961853 0.267737 0.056168 -65.550224 0.000000 0.000000 0.000000 1.000000
-0.020339 -0.134759 0.990670 -0.506865 0.272811 -0.954021 -0.124172 161.533585 0.961853 0.267740 0.056168 -65.505760 0.000000 0.000000 0.000000 1.000000
-0.020339 -0.134759 0.990670 -0.508622 0.272814 -0.954020 -0.124172 161.463211 0.961852 0.267743 0.056168 -65.457878 0.000000 0.000000 0.000000 1.000000
-0.020339 -0.134759 0.990670 -0.510269 0.272817 -0.954019 -0.124172 161.387619 0.961851 0.267746 0.056168 -65.406448 0.000000 0.000000 0.000000 1.000000
-0.020338 -0.134759 0.990670 -0.511795 0.272819 -0.954018 -0.124172 161.306625 0.961850 0.267748 0.056168 -65.351349 0.000000 0.000000 0.000000 1.000000
-0.020338 -0.134759 0.990670 -0.513187 0.272821 -0.954018 -0.124172 161.220047 0.961850 0.267750 0.056168 -65.292450 0.000000 0.000000 0.000000 1.000000
-0.020338 -0.134759 0.990670 -0.514433 0.272823 -0.954017 -0.124172 161.127701 0.961849 0.267752 0.056168 -65.229622 0.000000 0.000000 0.000000 1.000000
-0.020338 -0.134759 0.990670 -0.515520 0.272825 -0.954017 -0.124172 161.029404 0.961849 0.267754 0.056168 -65.162743 0.000000 0.000000 0.000000 1.000000
-0.020337 -0.134759 0.990670 -0.516437 0.272826 -0.954016 -0.124172 160.924973 0.961848 0.267755 0.056168 -65.091690 0.000000 0.000000 0.000000 1.000000
-0.020337 -0.134759 0.990670 -0.517172 0.272827 -0.954016 -0.124172 160.814194 0.961848 0.267756 0.056168 -65.016327 0.000000 0.000000 0.000000 1.000000
-0.020337 -0.134759 0.990670 -0.517711 0.272828 -0.954016 -0.124172 160.696915 0.961848 0.267757 0.056168 -64.936539 0.000000 0.000000 0.000000 1.000000
-0.020337 -0.134759 0.990670 -0.518044 0.272829 -0.954016 -0.124172 160.572937 0.961848 0.267758 0.056168 -64.852188 0.000000 0.000000 0.000000 1.000000
-0.020337 -0.134759 0.990670 -0.518158 0.272829 -0.954016 -0.124172 160.442062 0.961848 0.267758 0.056168 -64.763153 0.000000 0.000000 0.000000 1.000000
-0.020462 -0.134740 0.990670 -0.470024 0.271946 -0.954267 -0.124172 160.032364 0.962095 0.266868 0.056168 -64.457253 0.000000 0.000000 0.000000 1.000000
-0.020806 -0.134687 0.990670 -0.336949 0.269505 -0.954960 -0.124172 159.138092 0.962774 0.264407 0.056168 -63.773769 0.000000 0.000000 0.000000 1.000000
-0.021326 -0.134606 0.990670 -0.135921 0.265815 -0.955994 -0.124172 157.858398 0.963788 0.260686 0.056168 -62.789734 0.000000 0.000000 0.000000 1.000000
-0.021978 -0.134501 0.990670 0.116071 0.261182 -0.957270 -0.124172 156.292450 0.965039 0.256016 0.056168 -61.582191 0.000000 0.000000 0.000000 1.000000
-0.022716 -0.134378 0.990670 0.402041 0.255918 -0.958690 -0.124172 154.539383 0.966431 0.250710 0.056168 -60.228184 0.000000 0.000000 0.000000 1.000000
-0.023498 -0.134244 0.990670 0.704998 0.250333 -0.960164 -0.124172 152.698364 0.967875 0.245080 0.056168 -58.804749 0.000000 0.000000 0.000000 1.000000
-0.024280 -0.134105 0.990670 1.007956 0.244739 -0.961605 -0.124172 150.868546 0.969285 0.239441 0.056168 -57.388935 0.000000 0.000000 0.000000 1.000000
-0.025016 -0.133969 0.990670 1.293925 0.239452 -0.962935 -0.124172 149.149094 0.970586 0.234111 0.056168 -56.057785 0.000000 0.000000 0.000000 1.000000
-0.025665 -0.133847 0.990670 1.545918 0.234786 -0.964083 -0.124172 147.639130 0.971708 0.229409 0.056168 -54.888332 0.000000 0.000000 0.000000 1.000000
-0.026181 -0.133747 0.990670 1.746946 0.231060 -0.964983 -0.124172 146.437820 0.972587 0.225654 0.056168 -53.957626 0.000000 0.000000 0.000000 1.000000
-0.026523 -0.133679 0.990670 1.880020 0.228592 -0.965571 -0.124172 145.644318 0.973161 0.223166 0.056168 -53.342705 0.000000 0.000000 0.000000 1.000000
-0.026647 -0.133655 0.990670 1.928154 0.227699 -0.965782 -0.124172 145.357788 0.973367 0.222266 0.056168 -53.120609 0.000000 0.000000 0.000000 1.000000
-0.026523 -0.133679 0.990670 1.880909 0.228594 -0.965570 -0.124172 145.689529 0.973160 0.223168 0.056168 -53.373577 0.000000 0.000000 0.000000 1.000000
-0.026181 -0.133747 0.990670 1.750635 0.231062 -0.964983 -0.124172 146.604263 0.972587 0.225655 0.056168 -54.071117 0.000000 0.000000 0.000000 1.000000
-0.025666 -0.133846 0.990670 1.554524 0.234774 -0.964086 -0.124172 147.981293 0.971711 0.229397 0.056168 -55.121181 0.000000 0.000000 0.000000 1.000000
-0.025023 -0.133968 0.990670 1.309766 0.239402 -0.962947 -0.124172 149.699905 0.970598 0.234062 0.056168 -56.431721 0.000000 0.000000 0.000000 1.000000
-0.024296 -0.134102 0.990670 1.033552 0.244619 -0.961636 -0.124172 151.639389 0.969315 0.239319 0.056168 -57.910686 0.000000 0.000000 0.000000 1.000000
-0.023532 -0.134238 0.990670 0.743073 0.250097 -0.960225 -0.124172 153.679047 0.967935 0.244841 0.056168 -59.466034 0.000000 0.000000 0.000000 1.000000
-0.022774 -0.134369 0.990670 0.455520 0.255511 -0.958799 -0.124172 155.698135 0.966538 0.250299 0.056168 -61.005711 0.000000 0.000000 0.000000 1.000000
-0.022068 -0.134486 0.990670 0.188084 0.260540 -0.957445 -0.124172 157.575989 0.965211 0.255369 0.056168 -62.437675 0.000000 0.000000 0.000000 1.000000
-0.021460 -0.134585 0.990670 -0.042043 0.264861 -0.956258 -0.124172 159.191864 0.964048 0.259725 0.056168 -63.669876 0.000000 0.000000 0.000000 1.000000
-0.020996 -0.134658 0.990670 -0.217672 0.268155 -0.955340 -0.124172 160.425064 0.963147 0.263046 0.056168 -64.610260 0.000000 0.000000 0.000000 1.000000
-0.020722 -0.134700 0.990670 -0.321610 0.270103 -0.954791 -0.124172 161.154892 0.962608 0.265010 0.056168 -65.166794 0.000000 0.000000 0.000000 1.000000
-0.020579 -0.134722 0.990670 -0.375488 0.271113 -0.954505 -0.124172 161.533203 0.962328 0.266028 0.056168 -65.455276 0.000000 0.000000 0.000000 1.000000
-0.020477 -0.134738 0.990670 -0.414093 0.271836 -0.954299 -0.124172 161.804276 0.962126 0.266757 0.056168 -65.661987 0.000000 0.000000 0.000000 1.000000
-0.020409 -0.134748 0.990670 -0.439972 0.272321 -0.954161 -0.124172 161.985992 0.961990 0.267245 0.056168 -65.800552 0.000000 0.000000 0.000000 1.000000
-0.020367 -0.134754 0.990670 -0.455669 0.272614 -0.954077 -0.124172 162.096207 0.961908 0.267542 0.056168 -65.884598 0.000000 0.000000 0.000000 1.000000
-0.020346 -0.134758 0.990670 -0.463729 0.272765 -0.954034 -0.124172 162.152802 0.961865 0.267694 0.056168 -65.927757 0.000000 0.000000 0.000000 1.000000
-0.020338 -0.134759 0.990670 -0.466699 0.272821 -0.954018 -0.124172 162.173660 0.961850 0.267750 0.056168 -65.943657 0.000000 0.000000 0.000000 1.000000
-0.020337 -0.134759 0.990670 -0.467123 0.272829 -0.954016 -0.124172 162.176636 0.961848 0.267758 0.056168 -65.945930 0.000000 0.000000 0.000000 1.000000</float_array>
          <technique_common>
            <accessor source="#bone_horse_hip-Matrix-animation-output-transform-array" count="121" stride="16">
              <param type="float4x4"/>
            </accessor>
          </technique_common>
        </source>
        <source id="bone_horse_hip-Interpolations">
          <Name_array id="bone_horse_hip-Interpolations-array" count="121">
 LINEAR LINEAR LINEAR LINEAR LINEAR LINEAR LINEAR LINEAR LINEAR LINEAR LINEAR
LINEAR LINEAR LINEAR LINEAR LINEAR LINEAR LINEAR LINEAR LINEAR LINEAR LINEAR LINEAR
LINEAR LINEAR LINEAR LINEAR LINEAR LINEAR LINEAR LINEAR LINEAR LINEAR LINEAR LINEAR
LINEAR LINEAR LINEAR LINEAR LINEAR LINEAR LINEAR LINEAR LINEAR LINEAR LINEAR LINEAR
LINEAR LINEAR LINEAR LINEAR LINEAR LINEAR LINEAR LINEAR LINEAR LINEAR LINEAR LINEAR
LINEAR LINEAR LINEAR LINEAR LINEAR LINEAR LINEAR LINEAR LINEAR LINEAR LINEAR LINEAR
LINEAR LINEAR LINEAR LINEAR LINEAR LINEAR LINEAR LINEAR LINEAR LINEAR LINEAR LINEAR
LINEAR LINEAR LINEAR LINEAR LINEAR LINEAR LINEAR LINEAR LINEAR LINEAR LINEAR LINEAR
LINEAR LINEAR LINEAR LINEAR LINEAR LINEAR LINEAR LINEAR LINEAR LINEAR LINEAR LINEAR
LINEAR LINEAR LINEAR LINEAR LINEAR LINEAR LINEAR LINEAR LINEAR LINEAR LINEAR LINEAR
LINEAR LINEAR</Name_array>
          <technique_common>
            <accessor source="#bone_horse_hip-Interpolations-array" count="121">
              <param type="name"/>
            </accessor>
          </technique_common>
        </source>
        <sampler id="bone_horse_hip-Matrix-animation-transform">
          <input semantic="INPUT" source="#bone_horse_hip-Matrix-animation-input"/>
          <input semantic="OUTPUT" source="#bone_horse_hip-Matrix-animation-output-transform"/>
          <input semantic="INTERPOLATION" source="#bone_horse_hip-Interpolations"/>
        </sampler>
        <channel source="#bone_horse_hip-Matrix-animation-transform" target="bone_horse_hip/matrix"/>
      </animation>
    </animation>
    <animation id="bone_RR_thight-anim" name="bone_RR_thight">
      <animation>
        <source id="bone_RR_thight-Matrix-animation-input">
          <float_array id="bone_RR_thight-Matrix-animation-input-array" count="121">

0.000000 0.033333 0.066667 0.100000 0.133333 0.166667 0.200000 0.233333 0.266667 0.300000 0.333333 0.366667 0.400000 0.433333 0.466667 0.500000
0.533333 0.566667 0.600000 0.633333 0.666667 0.700000 0.733333 0.766667 0.800000 0.833333 0.866667 0.900000 0.933333 0.966667 1.000000 1.033333
1.066667 1.100000 1.133333 1.166667 1.200000 1.233333 1.266667 1.300000 1.333333 1.366667 1.400000 1.433333 1.466667 1.500000 1.533333 1.566667
1.600000 1.633333 1.666667 1.700000 1.733333 1.766667 1.800000 1.833333 1.866667 1.900000 1.933333 1.966667 2.000000 2.033333 2.066667 2.100000
2.133333 2.166667 2.200000 2.233333 2.266667 2.300000 2.333333 2.366667 2.400000 2.433333 2.466667 2.500000 2.533333 2.566667 2.600000 2.633333
2.666667 2.700000 2.733333 2.766667 2.800000 2.833333 2.866667 2.900000 2.933333 2.966667 3.000000 3.033333 3.066667 3.100000 3.133333 3.166667
3.200000 3.233333 3.266667 3.300000 3.333333 3.366667 3.400000 3.433333 3.466667 3.500000 3.533333 3.566667 3.600000 3.633333 3.666667 3.700000
3.733333 3.766667 3.800000 3.833333 3.866667 3.900000 3.933333 3.966667 4.000000</float_array>
          <technique_common>
            <accessor source="#bone_RR_thight-Matrix-animation-input-array" count="121">
              <param name="TIME" type="float"/>
            </accessor>
          </technique_common>
        </source>
        <source id="bone_RR_thight-Matrix-animation-output-transform">
          <float_array id="bone_RR_thight-Matrix-animation-output-transform-array" count="1936">

-0.002660 0.111061 0.993810 -34.367474 -0.925517 0.376082 -0.044506 166.425766 -0.378697 -0.919906 0.101789 -67.867950 0.000000 0.000000 0.000000 1.000000
-0.001199 0.111166 0.993801 -34.178310 -0.916723 0.396923 -0.045506 166.032440 -0.399521 -0.911095 0.101432 -69.480423 0.000000 0.000000 0.000000 1.000000
0.000685 0.111437 0.993771 -33.685513 -0.899193 0.434895 -0.048147 164.993942 -0.437552 -0.893559 0.100501 -73.681084 0.000000 0.000000 0.000000 1.000000
0.001371 0.111954 0.993712 -33.001141 -0.880325 0.471523 -0.051908 163.522583 -0.474369 -0.874719 0.099203 -79.514755 0.000000 0.000000 0.000000 1.000000
0.000911 0.112764 0.993621 -32.237247 -0.862719 0.502546 -0.056242 161.830627 -0.505683 -0.857165 0.097741 -86.026291 0.000000 0.000000 0.000000 1.000000
-0.000207 0.113749 0.993510 -31.505884 -0.847573 0.527214 -0.060538 160.130386 -0.530679 -0.842085 0.096301 -92.260513 0.000000 0.000000 0.000000 1.000000
-0.001363 0.114638 0.993406 -30.919107 -0.835566 0.545637 -0.064113 158.634125 -0.549389 -0.830144 0.095044 -97.262276 0.000000 0.000000 0.000000 1.000000
-0.001907 0.115057 0.993357 -30.588970 -0.827209 0.557979 -0.066217 157.554123 -0.561891 -0.821840 0.094112 -100.076408 0.000000 0.000000 0.000000 1.000000
-0.002043 0.115163 0.993344 -30.444206 -0.822421 0.564898 -0.067183 156.934647 -0.568875 -0.817085 0.093559 -101.310394 0.000000 0.000000 0.000000 1.000000
-0.002301 0.115342 0.993323 -30.335419 -0.820032 0.568278 -0.067887 156.603760 -0.572314 -0.814713 0.093276 -102.237717 0.000000 0.000000 0.000000 1.000000
-0.002573 0.115529 0.993301 -30.257467 -0.819041 0.569646 -0.068376 156.449493 -0.573729 -0.813730 0.093157 -102.902168 0.000000 0.000000 0.000000 1.000000
-0.002769 0.115664 0.993284 -30.205215 -0.818500 0.570384 -0.068701 156.359924 -0.574500 -0.813193 0.093092 -103.347580 0.000000 0.000000 0.000000 1.000000
-0.002812 0.115694 0.993281 -30.173521 -0.817479 0.571820 -0.068918 156.223083 -0.575951 -0.812180 0.092970 -103.617737 0.000000 0.000000 0.000000 1.000000
-0.002626 0.115562 0.993297 -30.157246 -0.815063 0.575240 -0.069080 155.927002 -0.579367 -0.809781 0.092680 -103.756470 0.000000 0.000000 0.000000 1.000000
-0.002154 0.115214 0.993338 -30.151251 -0.810352 0.581838 -0.069242 155.359726 -0.585940 -0.805102 0.092111 -103.807587 0.000000 0.000000 0.000000 1.000000
-0.001366 0.114586 0.993412 -30.150394 -0.802479 0.592623 -0.069461 154.409317 -0.596678 -0.797288 0.091143 -103.814888 0.000000 0.000000 0.000000 1.000000
-0.033795 0.034981 0.998816 -30.150393 -0.550811 0.833259 -0.047820 123.240700 -0.833946 -0.551775 -0.008892 -30.891167 0.000000 0.000000 0.000000 1.000000
-0.023306 0.073495 0.997023 -30.150393 -0.639391 0.765562 -0.071379 138.627594 -0.768529 -0.639151 0.029150 -52.674042 0.000000 0.000000 0.000000 1.000000
-0.025232 0.070314 0.997206 -30.150393 -0.643330 0.762379 -0.070033 137.956390 -0.765173 -0.643300 0.025999 -49.939240 0.000000 0.000000 0.000000 1.000000
-0.026679 0.067926 0.997334 -30.150393 -0.647921 0.758577 -0.068997 137.475449 -0.761241 -0.648034 0.023772 -47.979656 0.000000 0.000000 0.000000 1.000000
-0.027691 0.066264 0.997418 -30.150393 -0.652035 0.755109 -0.068269 137.153061 -0.757683 -0.652241 0.022296 -46.666092 0.000000 0.000000 0.000000 1.000000
-0.028327 0.065228 0.997468 -30.150393 -0.655018 0.752564 -0.067815 136.957520 -0.755082 -0.655281 0.021407 -45.869339 0.000000 0.000000 0.000000 1.000000
-0.028661 0.064686 0.997494 -30.150393 -0.656714 0.751106 -0.067578 136.857101 -0.753595 -0.657005 0.020953 -45.460197 0.000000 0.000000 0.000000 1.000000
-0.028786 0.064485 0.997503 -30.150393 -0.657370 0.750540 -0.067490 136.820114 -0.753018 -0.657671 0.020786 -45.309460 0.000000 0.000000 0.000000 1.000000
-0.028804 0.064456 0.997505 -30.150393 -0.657465 0.750458 -0.067477 136.814819 -0.752935 -0.657768 0.020762 -45.287926 0.000000 0.000000 0.000000 1.000000
-0.027685 0.066006 0.997435 -30.247347 -0.660714 0.747569 -0.067810 137.504486 -0.750127 -0.660897 0.022914 -45.813831 0.000000 0.000000 0.000000 1.000000
-0.024867 0.069901 0.997244 -30.513367 -0.672327 0.737084 -0.068430 139.395493 -0.739836 -0.672176 0.028668 -47.255833 0.000000 0.000000 0.000000 1.000000
-0.021237 0.075021 0.996956 -30.911192 -0.694606 0.716104 -0.068683 142.220886 -0.719077 -0.693950 0.036902 -49.410351 0.000000 0.000000 0.000000 1.000000
-0.017853 0.080416 0.996601 -31.403563 -0.728462 0.681697 -0.068056 145.713684 -0.684853 -0.727202 0.046410 -52.073807 0.000000 0.000000 0.000000 1.000000
-0.007860 0.084555 0.996388 -31.953217 -0.702869 0.708283 -0.065650 149.606934 -0.711276 -0.700846 0.053864 -55.042633 0.000000 0.000000 0.000000 1.000000
0.000857 0.087494 0.996165 -32.522896 -0.695497 0.715826 -0.062273 153.633667 -0.718529 -0.692776 0.061465 -58.113243 0.000000 0.000000 0.000000 1.000000
0.008751 0.089352 0.995962 -33.075333 -0.696345 0.715355 -0.058059 157.526917 -0.717654 -0.693025 0.068480 -61.082066 0.000000 0.000000 0.000000 1.000000
0.010195 0.097063 0.995226 -33.573269 -0.769698 0.636107 -0.054154 161.019714 -0.638327 -0.765471 0.081195 -63.745525 0.000000 0.000000 0.000000 1.000000
0.008018 0.104220 0.994522 -33.979446 -0.840549 0.539447 -0.049754 163.845108 -0.541677 -0.835545 0.091927 -65.900040 0.000000 0.000000 0.000000 1.000000
0.002283 0.109292 0.994007 -34.256603 -0.897898 0.437785 -0.046073 165.736115 -0.440197 -0.892412 0.099132 -67.342041 0.000000 0.000000 0.000000 1.000000
-0.002660 0.111061 0.993810 -34.367474 -0.925517 0.376082 -0.044506 166.425766 -0.378697 -0.919906 0.101789 -67.867950 0.000000 0.000000 0.000000 1.000000
-0.002352 0.111001 0.993818 -34.381306 -0.924631 0.378263 -0.044437 166.377213 -0.380857 -0.919019 0.101745 -67.834831 0.000000 0.000000 0.000000 1.000000
-0.001712 0.110868 0.993834 -34.392380 -0.922299 0.383917 -0.044417 166.245377 -0.386474 -0.916688 0.101596 -67.744942 0.000000 0.000000 0.000000 1.000000
-0.000879 0.110675 0.993856 -34.401005 -0.919010 0.391721 -0.044435 166.051102 -0.394232 -0.913403 0.101367 -67.612473 0.000000 0.000000 0.000000 1.000000
0.000026 0.110437 0.993883 -34.407486 -0.915206 0.400525 -0.044481 165.815201 -0.402987 -0.909606 0.101083 -67.451614 0.000000 0.000000 0.000000 1.000000
0.000916 0.110173 0.993912 -34.412128 -0.911248 0.409442 -0.044546 165.558487 -0.411857 -0.905660 0.100770 -67.276558 0.000000 0.000000 0.000000 1.000000
0.001729 0.109904 0.993941 -34.415241 -0.907441 0.417803 -0.044620 165.301773 -0.420175 -0.901866 0.100454 -67.101509 0.000000 0.000000 0.000000 1.000000
0.002423 0.109653 0.993967 -34.417130 -0.904042 0.425101 -0.044693 165.065872 -0.427437 -0.898480 0.100161 -66.940651 0.000000 0.000000 0.000000 1.000000
0.002957 0.109445 0.993988 -34.418102 -0.901320 0.430836 -0.044756 164.871597 -0.433144 -0.895769 0.099919 -66.808182 0.000000 0.000000 0.000000 1.000000
0.003304 0.109302 0.994003 -34.418457 -0.899500 0.434617 -0.044801 164.739777 -0.436907 -0.893958 0.099753 -66.718292 0.000000 0.000000 0.000000 1.000000
0.003429 0.109249 0.994008 -34.418510 -0.898836 0.435989 -0.044818 164.691208 -0.438273 -0.893296 0.099692 -66.685173 0.000000 0.000000 0.000000 1.000000
0.003165 0.109356 0.993998 -34.415424 -0.900128 0.433315 -0.044805 164.785492 -0.435614 -0.894583 0.099806 -66.749313 0.000000 0.000000 0.000000 1.000000
0.002460 0.109626 0.993970 -34.407475 -0.903513 0.426215 -0.044771 165.028641 -0.428553 -0.897955 0.100097 -66.914742 0.000000 0.000000 0.000000 1.000000
0.001423 0.109988 0.993932 -34.396599 -0.908305 0.415910 -0.044724 165.361115 -0.418306 -0.902730 0.100495 -67.140938 0.000000 0.000000 0.000000 1.000000
0.000183 0.110370 0.993891 -34.384754 -0.913768 0.403774 -0.044671 165.723358 -0.406237 -0.908177 0.100926 -67.387390 0.000000 0.000000 0.000000 1.000000
-0.001092 0.110705 0.993853 -34.373882 -0.919091 0.391510 -0.044620 166.055832 -0.394043 -0.913490 0.101320 -67.613586 0.000000 0.000000 0.000000 1.000000
-0.002135 0.110937 0.993825 -34.365929 -0.923246 0.381615 -0.044582 166.298981 -0.384204 -0.917640 0.101607 -67.779015 0.000000 0.000000 0.000000 1.000000
-0.002573 0.111023 0.993814 -34.362846 -0.924934 0.377505 -0.044567 166.393265 -0.380118 -0.919328 0.101718 -67.843163 0.000000 0.000000 0.000000 1.000000
-0.002572 0.111023 0.993815 -34.362957 -0.924934 0.377507 -0.044566 166.393234 -0.380120 -0.919327 0.101718 -67.843140 0.000000 0.000000 0.000000 1.000000
-0.002568 0.111022 0.993815 -34.363293 -0.924930 0.377517 -0.044564 166.393021 -0.380129 -0.919323 0.101718 -67.842995 0.000000 0.000000 0.000000 1.000000
-0.002562 0.111021 0.993815 -34.363831 -0.924919 0.377544 -0.044561 166.392426 -0.380156 -0.919312 0.101719 -67.842590 0.000000 0.000000 0.000000 1.000000
-0.002552 0.111020 0.993815 -34.364567 -0.924898 0.377596 -0.044556 166.391281 -0.380207 -0.919291 0.101718 -67.841812 0.000000 0.000000 0.000000 1.000000
-0.002537 0.111017 0.993815 -34.365482 -0.924863 0.377681 -0.044551 166.389389 -0.380291 -0.919256 0.101717 -67.840523 0.000000 0.000000 0.000000 1.000000
-0.002517 0.111013 0.993816 -34.366570 -0.924812 0.377808 -0.044545 166.386566 -0.380416 -0.919205 0.101716 -67.838600 0.000000 0.000000 0.000000 1.000000
-0.002491 0.111009 0.993816 -34.367817 -0.924740 0.377984 -0.044538 166.382629 -0.380590 -0.919133 0.101713 -67.835922 0.000000 0.000000 0.000000 1.000000
-0.002457 0.111003 0.993817 -34.369209 -0.924645 0.378217 -0.044531 166.377380 -0.380822 -0.919038 0.101709 -67.832352 0.000000 0.000000 0.000000 1.000000
-0.002417 0.110995 0.993818 -34.370735 -0.924524 0.378515 -0.044523 166.370651 -0.381117 -0.918916 0.101703 -67.827774 0.000000 0.000000 0.000000 1.000000
-0.002368 0.110986 0.993819 -34.372379 -0.924372 0.378887 -0.044515 166.362244 -0.381485 -0.918764 0.101695 -67.822060 0.000000 0.000000 0.000000 1.000000
-0.002311 0.110975 0.993821 -34.374138 -0.924187 0.379338 -0.044508 166.351974 -0.381933 -0.918579 0.101685 -67.815071 0.000000 0.000000 0.000000 1.000000
-0.002244 0.110962 0.993822 -34.375992 -0.923967 0.379876 -0.044500 166.339661 -0.382467 -0.918358 0.101673 -67.806694 0.000000 0.000000 0.000000 1.000000
-0.002167 0.110947 0.993824 -34.377934 -0.923707 0.380507 -0.044493 166.325119 -0.383094 -0.918098 0.101658 -67.796799 0.000000 0.000000 0.000000 1.000000
-0.002079 0.110930 0.993826 -34.379944 -0.923406 0.381239 -0.044485 166.308151 -0.383820 -0.917797 0.101641 -67.785255 0.000000 0.000000 0.000000 1.000000
-0.001981 0.110910 0.993828 -34.382019 -0.923060 0.382075 -0.044479 166.288574 -0.384650 -0.917452 0.101620 -67.771935 0.000000 0.000000 0.000000 1.000000
-0.001871 0.110888 0.993831 -34.384140 -0.922668 0.383022 -0.044473 166.266220 -0.385591 -0.917060 0.101596 -67.756721 0.000000 0.000000 0.000000 1.000000
-0.001750 0.110863 0.993834 -34.386299 -0.922227 0.384084 -0.044469 166.240875 -0.386646 -0.916618 0.101568 -67.739479 0.000000 0.000000 0.000000 1.000000
-0.001617 0.110834 0.993838 -34.388481 -0.921734 0.385266 -0.044465 166.212372 -0.387820 -0.916126 0.101537 -67.720085 0.000000 0.000000 0.000000 1.000000
-0.001471 0.110802 0.993841 -34.390678 -0.921188 0.386570 -0.044462 166.180511 -0.389116 -0.915580 0.101501 -67.698410 0.000000 0.000000 0.000000 1.000000
-0.001314 0.110767 0.993846 -34.392872 -0.920586 0.388001 -0.044461 166.145111 -0.390538 -0.914979 0.101461 -67.674332 0.000000 0.000000 0.000000 1.000000
-0.001144 0.110728 0.993850 -34.395054 -0.919927 0.389560 -0.044461 166.106003 -0.392087 -0.914321 0.101416 -67.647720 0.000000 0.000000 0.000000 1.000000
-0.000961 0.110685 0.993855 -34.397213 -0.919210 0.391249 -0.044462 166.062973 -0.393766 -0.913604 0.101367 -67.618454 0.000000 0.000000 0.000000 1.000000
-0.000767 0.110638 0.993860 -34.399338 -0.918433 0.393070 -0.044466 166.015854 -0.395577 -0.912828 0.101312 -67.586395 0.000000 0.000000 0.000000 1.000000
-0.000560 0.110586 0.993866 -34.401409 -0.917594 0.395024 -0.044471 165.964462 -0.397519 -0.911990 0.101252 -67.551422 0.000000 0.000000 0.000000 1.000000
-0.000342 0.110530 0.993873 -34.403423 -0.916692 0.397111 -0.044478 165.908600 -0.399594 -0.911091 0.101186 -67.513420 0.000000 0.000000 0.000000 1.000000
-0.000111 0.110469 0.993880 -34.405361 -0.915727 0.399331 -0.044488 165.848083 -0.401802 -0.910127 0.101114 -67.472244 0.000000 0.000000 0.000000 1.000000
0.000130 0.110402 0.993887 -34.407215 -0.914697 0.401684 -0.044499 165.782730 -0.404141 -0.909099 0.101037 -67.427780 0.000000 0.000000 0.000000 1.000000
0.000383 0.110330 0.993895 -34.408974 -0.913601 0.404169 -0.044514 165.712341 -0.406612 -0.908006 0.100952 -67.379898 0.000000 0.000000 0.000000 1.000000
0.000646 0.110252 0.993903 -34.410622 -0.912438 0.406785 -0.044530 165.636749 -0.409214 -0.906847 0.100861 -67.328468 0.000000 0.000000 0.000000 1.000000
0.000920 0.110168 0.993913 -34.412148 -0.911208 0.409531 -0.044550 165.555756 -0.411946 -0.905620 0.100763 -67.273369 0.000000 0.000000 0.000000 1.000000
0.001204 0.110078 0.993922 -34.413540 -0.909909 0.412406 -0.044572 165.469193 -0.414805 -0.904325 0.100658 -67.214470 0.000000 0.000000 0.000000 1.000000
0.001497 0.109982 0.993932 -34.414783 -0.908542 0.415407 -0.044597 165.376846 -0.417792 -0.902962 0.100545 -67.151642 0.000000 0.000000 0.000000 1.000000
0.001800 0.109878 0.993943 -34.415871 -0.907104 0.418534 -0.044626 165.278549 -0.420903 -0.901530 0.100424 -67.084763 0.000000 0.000000 0.000000 1.000000
0.002110 0.109768 0.993955 -34.416790 -0.905595 0.421785 -0.044657 165.174103 -0.424137 -0.900027 0.100295 -67.013710 0.000000 0.000000 0.000000 1.000000
0.002431 0.109650 0.993967 -34.417522 -0.904007 0.425176 -0.044692 165.063339 -0.427511 -0.898445 0.100158 -66.938347 0.000000 0.000000 0.000000 1.000000
0.002757 0.109524 0.993980 -34.418064 -0.902358 0.428661 -0.044730 164.946060 -0.430979 -0.896802 0.100012 -66.858559 0.000000 0.000000 0.000000 1.000000
0.003089 0.109391 0.993994 -34.418396 -0.900634 0.432266 -0.044772 164.822067 -0.434567 -0.895087 0.099857 -66.774208 0.000000 0.000000 0.000000 1.000000
0.003429 0.109249 0.994008 -34.418510 -0.898836 0.435989 -0.044818 164.691208 -0.438273 -0.893296 0.099692 -66.685173 0.000000 0.000000 0.000000 1.000000
0.003916 0.108724 0.994064 -34.370377 -0.892990 0.447774 -0.045457 164.281494 -0.450059 -0.887512 0.098843 -66.379272 0.000000 0.000000 0.000000 1.000000
0.004452 0.107514 0.994194 -34.237301 -0.880311 0.472053 -0.047106 163.387222 -0.474377 -0.874990 0.096748 -65.695786 0.000000 0.000000 0.000000 1.000000
0.004674 0.105725 0.994384 -34.036274 -0.862542 0.503559 -0.049485 162.107529 -0.505963 -0.857468 0.093546 -64.711754 0.000000 0.000000 0.000000 1.000000
0.004362 0.103456 0.994625 -33.784279 -0.841193 0.538201 -0.052292 160.541580 -0.540718 -0.836443 0.089374 -63.504211 0.000000 0.000000 0.000000 1.000000
0.003440 0.100806 0.994900 -33.498310 -0.817700 0.572989 -0.055230 158.788528 -0.575634 -0.813340 0.084400 -62.150204 0.000000 0.000000 0.000000 1.000000
0.001956 0.097887 0.995196 -33.195354 -0.793466 0.605842 -0.058031 156.947510 -0.608612 -0.789540 0.078855 -60.726772 0.000000 0.000000 0.000000 1.000000
0.000047 0.094830 0.995493 -32.892395 -0.769869 0.635329 -0.060485 155.117691 -0.638202 -0.766397 0.073037 -59.310959 0.000000 0.000000 0.000000 1.000000
-0.002083 0.091801 0.995775 -32.606426 -0.748224 0.660500 -0.062457 153.398224 -0.663443 -0.745193 0.067312 -57.979805 0.000000 0.000000 0.000000 1.000000
-0.004190 0.089003 0.996023 -32.354435 -0.729721 0.680752 -0.063900 151.888260 -0.683732 -0.727087 0.062095 -56.810356 0.000000 0.000000 0.000000 1.000000
