<?xml version="1.0" encoding="utf-8"?>
<COLLADA xmlns="http://www.collada.org/2005/11/COLLADASchema" version="1.4.1">
  <asset>
    <contributor>
      <author/>
      <authoring_tool>FBX COLLADA exporter</authoring_tool>
      <comments/>
    </contributor>
    <created>2025-03-21T08:22:53Z</created>
    <keywords/>
    <modified>2025-03-21T08:22:53Z</modified>
    <revision/>
    <subject/>
    <title/>
    <unit meter="0.010000" name="centimeter"/>
    <up_axis>Y_UP</up_axis>
  </asset>
  <library_animations>
    <animation id="bone_horse_hip-anim" name="bone_horse_hip">
      <animation>
        <source id="bone_horse_hip-Matrix-animation-input">
          <float_array id="bone_horse_hip-Matrix-animation-input-array" count="91">

0.000000 0.033333 0.066667 0.100000 0.133333 0.166667 0.200000 0.233333 0.266667 0.300000 0.333333 0.366667 0.400000 0.433333 0.466667 0.500000
0.533333 0.566667 0.600000 0.633333 0.666667 0.700000 0.733333 0.766667 0.800000 0.833333 0.866667 0.900000 0.933333 0.966667 1.000000 1.033333
1.066667 1.100000 1.133333 1.166667 1.200000 1.233333 1.266667 1.300000 1.333333 1.366667 1.400000 1.433333 1.466667 1.500000 1.533333 1.566667
1.600000 1.633333 1.666667 1.700000 1.733333 1.766667 1.800000 1.833333 1.866667 1.900000 1.933333 1.966667 2.000000 2.033333 2.066667 2.100000
2.133333 2.166667 2.200000 2.233333 2.266667 2.300000 2.333333 2.366667 2.400000 2.433333 2.466667 2.500000 2.533333 2.566667 2.600000 2.633333
2.666667 2.700000 2.733333 2.766667 2.800000 2.833333 2.866667 2.900000 2.933333 2.966667 3.000000</float_array>
          <technique_common>
            <accessor source="#bone_horse_hip-Matrix-animation-input-array" count="91">
              <param name="TIME" type="float"/>
            </accessor>
          </technique_common>
        </source>
        <source id="bone_horse_hip-Matrix-animation-output-transform">
          <float_array id="bone_horse_hip-Matrix-animation-output-transform-array" count="1456">

-0.020337 -0.134759 0.990670 -0.467123 -0.961848 -0.267758 -0.056168 65.945930 0.272829 -0.954016 -0.124172 162.176636 0.000000 0.000000 0.000000 1.000000
-0.020337 -0.134759 0.990670 -0.277957 -0.961848 -0.267758 -0.056168 67.558411 0.272829 -0.954016 -0.124172 161.783295 0.000000 0.000000 0.000000 1.000000
-0.020337 -0.134759 0.990670 0.214839 -0.961848 -0.267758 -0.056168 71.759064 0.272829 -0.954016 -0.124172 160.744797 0.000000 0.000000 0.000000 1.000000
-0.020337 -0.134759 0.990670 0.899211 -0.961848 -0.267758 -0.056168 77.592735 0.272829 -0.954016 -0.124172 159.273438 0.000000 0.000000 0.000000 1.000000
-0.020337 -0.134759 0.990670 1.663105 -0.961848 -0.267758 -0.056168 84.104271 0.272829 -0.954016 -0.124172 157.581497 0.000000 0.000000 0.000000 1.000000
-0.020337 -0.134759 0.990670 2.394468 -0.961848 -0.267758 -0.056168 90.338493 0.272829 -0.954016 -0.124172 155.881241 0.000000 0.000000 0.000000 1.000000
-0.020337 -0.134759 0.990670 2.981245 -0.961848 -0.267758 -0.056168 95.340256 0.272829 -0.954016 -0.124172 154.384979 0.000000 0.000000 0.000000 1.000000
-0.020337 -0.134759 0.990670 3.311382 -0.961848 -0.267758 -0.056168 98.154388 0.272829 -0.954016 -0.124172 153.304993 0.000000 0.000000 0.000000 1.000000
-0.020337 -0.134759 0.990670 3.456146 -0.961848 -0.267758 -0.056168 99.388374 0.272829 -0.954016 -0.124172 152.685501 0.000000 0.000000 0.000000 1.000000
-0.020337 -0.134759 0.990670 3.564934 -0.961848 -0.267758 -0.056168 100.315697 0.272829 -0.954016 -0.124172 152.354614 0.000000 0.000000 0.000000 1.000000
-0.020337 -0.134759 0.990670 3.642884 -0.961848 -0.267758 -0.056168 100.980156 0.272829 -0.954016 -0.124172 152.200363 0.000000 0.000000 0.000000 1.000000
-0.020337 -0.134759 0.990670 3.695136 -0.961848 -0.267758 -0.056168 101.425560 0.272829 -0.954016 -0.124172 152.110794 0.000000 0.000000 0.000000 1.000000
-0.020337 -0.134759 0.990670 3.726830 -0.961848 -0.267758 -0.056168 101.695724 0.272829 -0.954016 -0.124172 151.973938 0.000000 0.000000 0.000000 1.000000
-0.020337 -0.134759 0.990670 3.743105 -0.961848 -0.267758 -0.056168 101.834457 0.272829 -0.954016 -0.124172 151.677856 0.000000 0.000000 0.000000 1.000000
-0.020337 -0.134759 0.990670 3.749102 -0.961848 -0.267758 -0.056168 101.885567 0.272829 -0.954016 -0.124172 151.110580 0.000000 0.000000 0.000000 1.000000
-0.020337 -0.134759 0.990670 3.749958 -0.961848 -0.267758 -0.056168 101.892868 0.272829 -0.954016 -0.124172 150.160172 0.000000 0.000000 0.000000 1.000000
-0.022166 -0.134470 0.990670 3.749958 -0.965397 -0.254662 -0.056168 28.969147 0.259839 -0.957635 -0.124172 118.991562 0.000000 0.000000 0.000000 1.000000
-0.024608 -0.134045 0.990670 3.749958 -0.969869 -0.237063 -0.056168 50.752018 0.242380 -0.962202 -0.124172 134.378448 0.000000 0.000000 0.000000 1.000000
-0.025891 -0.133803 0.990670 3.749958 -0.972096 -0.227761 -0.056168 48.017216 0.233152 -0.964480 -0.124172 133.707245 0.000000 0.000000 0.000000 1.000000
-0.027216 -0.133540 0.990670 3.749958 -0.974305 -0.218116 -0.056168 46.057636 0.223582 -0.966743 -0.124172 133.226303 0.000000 0.000000 0.000000 1.000000
-0.028495 -0.133273 0.990670 3.749958 -0.976351 -0.208769 -0.056168 44.744068 0.214307 -0.968841 -0.124172 132.903915 0.000000 0.000000 0.000000 1.000000
-0.029640 -0.133023 0.990670 3.749958 -0.978110 -0.200367 -0.056168 43.947315 0.205969 -0.970648 -0.124172 132.708374 0.000000 0.000000 0.000000 1.000000
-0.030564 -0.132814 0.990670 3.749958 -0.979480 -0.193558 -0.056168 43.538170 0.199212 -0.972057 -0.124172 132.607956 0.000000 0.000000 0.000000 1.000000
-0.031182 -0.132670 0.990670 3.749958 -0.980370 -0.188996 -0.056168 43.387432 0.194684 -0.972974 -0.124172 132.570969 0.000000 0.000000 0.000000 1.000000
-0.031407 -0.132617 0.990670 3.749958 -0.980690 -0.187331 -0.056168 43.365898 0.193032 -0.973304 -0.124172 132.565674 0.000000 0.000000 0.000000 1.000000
-0.031152 -0.132677 0.990670 3.653005 -0.980327 -0.189221 -0.056168 43.891808 0.194908 -0.972930 -0.124172 133.255341 0.000000 0.000000 0.000000 1.000000
-0.030450 -0.132840 0.990670 3.386984 -0.979313 -0.194399 -0.056168 45.333805 0.200047 -0.971886 -0.124172 135.146347 0.000000 0.000000 0.000000 1.000000
-0.029400 -0.133076 0.990670 2.989158 -0.977747 -0.202127 -0.056168 47.488323 0.207715 -0.970276 -0.124172 137.971741 0.000000 0.000000 0.000000 1.000000
-0.028100 -0.133357 0.990670 2.496788 -0.975728 -0.211661 -0.056168 50.151783 0.217177 -0.968202 -0.124172 141.464539 0.000000 0.000000 0.000000 1.000000
-0.026647 -0.133655 0.990670 1.947134 -0.973367 -0.222266 -0.056168 53.120609 0.227699 -0.965782 -0.124172 145.357788 0.000000 0.000000 0.000000 1.000000
-0.025141 -0.133946 0.990670 1.377457 -0.970804 -0.233206 -0.056168 56.191223 0.238554 -0.963158 -0.124172 149.384521 0.000000 0.000000 0.000000 1.000000
-0.023682 -0.134212 0.990670 0.825019 -0.968209 -0.243755 -0.056168 59.160046 0.249019 -0.960505 -0.124172 153.277771 0.000000 0.000000 0.000000 1.000000
-0.022371 -0.134436 0.990670 0.327082 -0.965783 -0.253195 -0.056168 61.823505 0.258384 -0.958029 -0.124172 156.770584 0.000000 0.000000 0.000000 1.000000
-0.021308 -0.134609 0.990670 -0.079096 -0.963754 -0.260814 -0.056168 63.978024 0.265941 -0.955959 -0.124172 159.595963 0.000000 0.000000 0.000000 1.000000
-0.020597 -0.134720 0.990670 -0.356251 -0.962362 -0.265904 -0.056168 65.420021 0.270989 -0.954540 -0.124172 161.486969 0.000000 0.000000 0.000000 1.000000
-0.020337 -0.134759 0.990670 -0.467123 -0.961848 -0.267758 -0.056168 65.945930 0.272829 -0.954016 -0.124172 162.176636 0.000000 0.000000 0.000000 1.000000
-0.020337 -0.134759 0.990670 -0.480953 -0.961848 -0.267758 -0.056168 65.912811 0.272829 -0.954016 -0.124172 162.128067 0.000000 0.000000 0.000000 1.000000
-0.020337 -0.134759 0.990670 -0.492028 -0.961848 -0.267758 -0.056168 65.822922 0.272829 -0.954016 -0.124172 161.996246 0.000000 0.000000 0.000000 1.000000
-0.020337 -0.134759 0.990670 -0.500653 -0.961848 -0.267758 -0.056168 65.690453 0.272829 -0.954016 -0.124172 161.801971 0.000000 0.000000 0.000000 1.000000
-0.020337 -0.134759 0.990670 -0.507134 -0.961848 -0.267758 -0.056168 65.529594 0.272829 -0.954016 -0.124172 161.566071 0.000000 0.000000 0.000000 1.000000
-0.020337 -0.134759 0.990670 -0.511778 -0.961848 -0.267758 -0.056168 65.354538 0.272829 -0.954016 -0.124172 161.309357 0.000000 0.000000 0.000000 1.000000
-0.020337 -0.134759 0.990670 -0.514891 -0.961848 -0.267758 -0.056168 65.179489 0.272829 -0.954016 -0.124172 161.052643 0.000000 0.000000 0.000000 1.000000
-0.020337 -0.134759 0.990670 -0.516780 -0.961848 -0.267758 -0.056168 65.018631 0.272829 -0.954016 -0.124172 160.816742 0.000000 0.000000 0.000000 1.000000
-0.020337 -0.134759 0.990670 -0.517749 -0.961848 -0.267758 -0.056168 64.886162 0.272829 -0.954016 -0.124172 160.622467 0.000000 0.000000 0.000000 1.000000
-0.020337 -0.134759 0.990670 -0.518107 -0.961848 -0.267758 -0.056168 64.796272 0.272829 -0.954016 -0.124172 160.490631 0.000000 0.000000 0.000000 1.000000
-0.020337 -0.134759 0.990670 -0.518158 -0.961848 -0.267758 -0.056168 64.763153 0.272829 -0.954016 -0.124172 160.442062 0.000000 0.000000 0.000000 1.000000
-0.020338 -0.134759 0.990670 -0.515074 -0.961849 -0.267753 -0.056168 64.827301 0.272824 -0.954017 -0.124172 160.536346 0.000000 0.000000 0.000000 1.000000
-0.020339 -0.134759 0.990670 -0.507122 -0.961852 -0.267741 -0.056168 64.992722 0.272812 -0.954020 -0.124172 160.779510 0.000000 0.000000 0.000000 1.000000
-0.020342 -0.134758 0.990670 -0.496249 -0.961857 -0.267724 -0.056168 65.218918 0.272795 -0.954025 -0.124172 161.111969 0.000000 0.000000 0.000000 1.000000
-0.020344 -0.134758 0.990670 -0.484402 -0.961862 -0.267705 -0.056168 65.465370 0.272776 -0.954031 -0.124172 161.474228 0.000000 0.000000 0.000000 1.000000
-0.020347 -0.134757 0.990670 -0.473529 -0.961867 -0.267688 -0.056168 65.691566 0.272759 -0.954035 -0.124172 161.806686 0.000000 0.000000 0.000000 1.000000
-0.020349 -0.134757 0.990670 -0.465577 -0.961871 -0.267675 -0.056168 65.856995 0.272747 -0.954039 -0.124172 162.049850 0.000000 0.000000 0.000000 1.000000
-0.020349 -0.134757 0.990670 -0.462493 -0.961872 -0.267671 -0.056168 65.921143 0.272742 -0.954040 -0.124172 162.144135 0.000000 0.000000 0.000000 1.000000
-0.020349 -0.134757 0.990670 -0.464885 -0.961871 -0.267674 -0.056168 65.918877 0.272746 -0.954039 -0.124172 162.140808 0.000000 0.000000 0.000000 1.000000
-0.020347 -0.134757 0.990670 -0.471191 -0.961868 -0.267684 -0.056168 65.903046 0.272756 -0.954036 -0.124172 162.117538 0.000000 0.000000 0.000000 1.000000
-0.020345 -0.134758 0.990670 -0.480106 -0.961864 -0.267698 -0.056168 65.860077 0.272770 -0.954032 -0.124172 162.054367 0.000000 0.000000 0.000000 1.000000
-0.020343 -0.134758 0.990670 -0.490325 -0.961860 -0.267714 -0.056168 65.776390 0.272786 -0.954028 -0.124172 161.931366 0.000000 0.000000 0.000000 1.000000
-0.020341 -0.134758 0.990670 -0.500545 -0.961855 -0.267730 -0.056168 65.638428 0.272801 -0.954023 -0.124172 161.728592 0.000000 0.000000 0.000000 1.000000
-0.020339 -0.134759 0.990670 -0.509460 -0.961851 -0.267744 -0.056168 65.432617 0.272815 -0.954019 -0.124172 161.426071 0.000000 0.000000 0.000000 1.000000
-0.020338 -0.134759 0.990670 -0.515766 -0.961849 -0.267754 -0.056168 65.145378 0.272825 -0.954017 -0.124172 161.003876 0.000000 0.000000 0.000000 1.000000
-0.020337 -0.134759 0.990670 -0.518158 -0.961848 -0.267758 -0.056168 64.763153 0.272829 -0.954016 -0.124172 160.442062 0.000000 0.000000 0.000000 1.000000
-0.020462 -0.134740 0.990670 -0.470024 -0.962095 -0.266868 -0.056168 64.169189 0.271946 -0.954267 -0.124172 159.608948 0.000000 0.000000 0.000000 1.000000
-0.020806 -0.134687 0.990670 -0.336949 -0.962774 -0.264407 -0.056168 63.297623 0.269505 -0.954960 -0.124172 158.438232 0.000000 0.000000 0.000000 1.000000
-0.021326 -0.134606 0.990670 -0.135921 -0.963788 -0.260686 -0.056168 62.211216 0.265815 -0.955994 -0.124172 157.008072 0.000000 0.000000 0.000000 1.000000
-0.021978 -0.134501 0.990670 0.116071 -0.965039 -0.256016 -0.056168 60.972721 0.261182 -0.957270 -0.124172 155.396622 0.000000 0.000000 0.000000 1.000000
-0.022716 -0.134378 0.990670 0.402041 -0.966431 -0.250710 -0.056168 59.644901 0.255918 -0.958690 -0.124172 153.682053 0.000000 0.000000 0.000000 1.000000
-0.023498 -0.134244 0.990670 0.704998 -0.967875 -0.245080 -0.056168 58.290512 0.250333 -0.960164 -0.124172 151.942520 0.000000 0.000000 0.000000 1.000000
-0.024280 -0.134105 0.990670 1.007956 -0.969285 -0.239441 -0.056168 56.972309 0.244739 -0.961605 -0.124172 150.256180 0.000000 0.000000 0.000000 1.000000
-0.025016 -0.133969 0.990670 1.293925 -0.970586 -0.234111 -0.056168 55.753048 0.239452 -0.962935 -0.124172 148.701172 0.000000 0.000000 0.000000 1.000000
-0.025665 -0.133847 0.990670 1.545918 -0.971708 -0.229409 -0.056168 54.695492 0.234786 -0.964083 -0.124172 147.355682 0.000000 0.000000 0.000000 1.000000
-0.026181 -0.133746 0.990670 1.746946 -0.972587 -0.225654 -0.056168 53.862396 0.231060 -0.964983 -0.124172 146.297852 0.000000 0.000000 0.000000 1.000000
-0.026523 -0.133679 0.990670 1.880020 -0.973161 -0.223166 -0.056168 53.316517 0.228592 -0.965571 -0.124172 145.605835 0.000000 0.000000 0.000000 1.000000
-0.026647 -0.133655 0.990670 1.928154 -0.973367 -0.222266 -0.056168 53.120609 0.227699 -0.965782 -0.124172 145.357788 0.000000 0.000000 0.000000 1.000000
-0.026523 -0.133679 0.990670 1.880909 -0.973160 -0.223168 -0.056168 53.373577 0.228594 -0.965570 -0.124172 145.689529 0.000000 0.000000 0.000000 1.000000
-0.026181 -0.133747 0.990670 1.750635 -0.972587 -0.225655 -0.056168 54.071117 0.231062 -0.964983 -0.124172 146.604263 0.000000 0.000000 0.000000 1.000000
-0.025666 -0.133846 0.990670 1.554524 -0.971711 -0.229397 -0.056168 55.121181 0.234774 -0.964086 -0.124172 147.981293 0.000000 0.000000 0.000000 1.000000
-0.025023 -0.133968 0.990670 1.309766 -0.970598 -0.234062 -0.056168 56.431721 0.239402 -0.962947 -0.124172 149.699905 0.000000 0.000000 0.000000 1.000000
-0.024296 -0.134102 0.990670 1.033552 -0.969315 -0.239319 -0.056168 57.910686 0.244619 -0.961636 -0.124172 151.639389 0.000000 0.000000 0.000000 1.000000
-0.023532 -0.134238 0.990670 0.743073 -0.967935 -0.244841 -0.056168 59.466034 0.250096 -0.960226 -0.124172 153.679047 0.000000 0.000000 0.000000 1.000000
-0.022774 -0.134369 0.990670 0.455520 -0.966538 -0.250299 -0.056168 61.005711 0.255511 -0.958799 -0.124172 155.698135 0.000000 0.000000 0.000000 1.000000
-0.022068 -0.134486 0.990670 0.188084 -0.965211 -0.255369 -0.056168 62.437675 0.260540 -0.957445 -0.124172 157.575989 0.000000 0.000000 0.000000 1.000000
-0.021460 -0.134585 0.990670 -0.042043 -0.964048 -0.259725 -0.056168 63.669876 0.264861 -0.956258 -0.124172 159.191864 0.000000 0.000000 0.000000 1.000000
-0.020996 -0.134658 0.990670 -0.217672 -0.963147 -0.263046 -0.056168 64.610260 0.268155 -0.955340 -0.124172 160.425064 0.000000 0.000000 0.000000 1.000000
-0.020722 -0.134700 0.990670 -0.321610 -0.962608 -0.265010 -0.056168 65.166794 0.270103 -0.954791 -0.124172 161.154892 0.000000 0.000000 0.000000 1.000000
-0.020579 -0.134722 0.990670 -0.375488 -0.962328 -0.266028 -0.056168 65.455276 0.271113 -0.954505 -0.124172 161.533203 0.000000 0.000000 0.000000 1.000000
-0.020477 -0.134738 0.990670 -0.414093 -0.962126 -0.266757 -0.056168 65.661987 0.271836 -0.954299 -0.124172 161.804276 0.000000 0.000000 0.000000 1.000000
-0.020409 -0.134748 0.990670 -0.439972 -0.961990 -0.267245 -0.056168 65.800552 0.272321 -0.954161 -0.124172 161.985992 0.000000 0.000000 0.000000 1.000000
-0.020367 -0.134754 0.990670 -0.455669 -0.961908 -0.267542 -0.056168 65.884598 0.272614 -0.954077 -0.124172 162.096207 0.000000 0.000000 0.000000 1.000000
-0.020346 -0.134758 0.990670 -0.463729 -0.961865 -0.267694 -0.056168 65.927757 0.272765 -0.954034 -0.124172 162.152802 0.000000 0.000000 0.000000 1.000000
-0.020338 -0.134759 0.990670 -0.466699 -0.961850 -0.267750 -0.056168 65.943657 0.272821 -0.954018 -0.124172 162.173660 0.000000 0.000000 0.000000 1.000000
-0.020337 -0.134759 0.990670 -0.467123 -0.961848 -0.267758 -0.056168 65.945930 0.272829 -0.954016 -0.124172 162.176636 0.000000 0.000000 0.000000 1.000000</float_array>
          <technique_common>
            <accessor source="#bone_horse_hip-Matrix-animation-output-transform-array" count="91" stride="16">
              <param type="float4x4"/>
            </accessor>
          </technique_common>
        </source>
        <source id="bone_horse_hip-Interpolations">
          <Name_array id="bone_horse_hip-Interpolations-array" count="91">
 LINEAR LINEAR LINEAR LINEAR LINEAR LINEAR LINEAR LINEAR LINEAR LINEAR LINEAR
LINEAR LINEAR LINEAR LINEAR LINEAR LINEAR LINEAR LINEAR LINEAR LINEAR LINEAR LINEAR
LINEAR LINEAR LINEAR LINEAR LINEAR LINEAR LINEAR LINEAR LINEAR LINEAR LINEAR LINEAR
LINEAR LINEAR LINEAR LINEAR LINEAR LINEAR LINEAR LINEAR LINEAR LINEAR LINEAR LINEAR
LINEAR LINEAR LINEAR LINEAR LINEAR LINEAR LINEAR LINEAR LINEAR LINEAR LINEAR LINEAR
LINEAR LINEAR LINEAR LINEAR LINEAR LINEAR LINEAR LINEAR LINEAR LINEAR LINEAR LINEAR
LINEAR LINEAR LINEAR LINEAR LINEAR LINEAR LINEAR LINEAR LINEAR LINEAR LINEAR LINEAR
LINEAR LINEAR LINEAR LINEAR LINEAR LINEAR LINEAR LINEAR</Name_array>
          <technique_common>
            <accessor source="#bone_horse_hip-Interpolations-array" count="91">
              <param type="name"/>
            </accessor>
          </technique_common>
        </source>
        <sampler id="bone_horse_hip-Matrix-animation-transform">
          <input semantic="INPUT" source="#bone_horse_hip-Matrix-animation-input"/>
          <input semantic="OUTPUT" source="#bone_horse_hip-Matrix-animation-output-transform"/>
          <input semantic="INTERPOLATION" source="#bone_horse_hip-Interpolations"/>
        </sampler>
        <channel source="#bone_horse_hip-Matrix-animation-transform" target="bone_horse_hip/matrix"/>
      </animation>
    </animation>
    <animation id="bone_RR_thight-anim" name="bone_RR_thight">
      <animation>
        <source id="bone_RR_thight-Matrix-animation-input">
          <float_array id="bone_RR_thight-Matrix-animation-input-array" count="91">

0.000000 0.033333 0.066667 0.100000 0.133333 0.166667 0.200000 0.233333 0.266667 0.300000 0.333333 0.366667 0.400000 0.433333 0.466667 0.500000
0.533333 0.566667 0.600000 0.633333 0.666667 0.700000 0.733333 0.766667 0.800000 0.833333 0.866667 0.900000 0.933333 0.966667 1.000000 1.033333
1.066667 1.100000 1.133333 1.166667 1.200000 1.233333 1.266667 1.300000 1.333333 1.366667 1.400000 1.433333 1.466667 1.500000 1.533333 1.566667
1.600000 1.633333 1.666667 1.700000 1.733333 1.766667 1.800000 1.833333 1.866667 1.900000 1.933333 1.966667 2.000000 2.033333 2.066667 2.100000
2.133333 2.166667 2.200000 2.233333 2.266667 2.300000 2.333333 2.366667 2.400000 2.433333 2.466667 2.500000 2.533333 2.566667 2.600000 2.633333
2.666667 2.700000 2.733333 2.766667 2.800000 2.833333 2.866667 2.900000 2.933333 2.966667 3.000000</float_array>
          <technique_common>
            <accessor source="#bone_RR_thight-Matrix-animation-input-array" count="91">
              <param name="TIME" type="float"/>
            </accessor>
          </technique_common>
        </source>
        <source id="bone_RR_thight-Matrix-animation-output-transform">
          <float_array id="bone_RR_thight-Matrix-animation-output-transform-array" count="1456">

-0.002660 0.111061 0.993810 -34.367474 0.378697 0.919906 -0.101789 67.867950 -0.925517 0.376082 -0.044506 166.425766 0.000000 0.000000 0.000000 1.000000
-0.001199 0.111166 0.993801 -34.178310 0.399521 0.911095 -0.101432 69.480423 -0.916723 0.396923 -0.045506 166.032440 0.000000 0.000000 0.000000 1.000000
0.000685 0.111437 0.993771 -33.685513 0.437551 0.893559 -0.100501 73.681084 -0.899193 0.434895 -0.048147 164.993942 0.000000 0.000000 0.000000 1.000000
0.001371 0.111954 0.993712 -33.001141 0.474369 0.874719 -0.099203 79.514755 -0.880325 0.471523 -0.051908 163.522583 0.000000 0.000000 0.000000 1.000000
0.000911 0.112764 0.993621 -32.237247 0.505683 0.857165 -0.097741 86.026291 -0.862719 0.502546 -0.056242 161.830627 0.000000 0.000000 0.000000 1.000000
-0.000207 0.113749 0.993510 -31.505884 0.530679 0.842085 -0.096301 92.260513 -0.847573 0.527214 -0.060538 160.130386 0.000000 0.000000 0.000000 1.000000
-0.001363 0.114638 0.993406 -30.919107 0.549389 0.830144 -0.095044 97.262276 -0.835566 0.545637 -0.064113 158.634125 0.000000 0.000000 0.000000 1.000000
-0.001907 0.115057 0.993357 -30.588970 0.561891 0.821840 -0.094112 100.076408 -0.827209 0.557979 -0.066217 157.554123 0.000000 0.000000 0.000000 1.000000
-0.002043 0.115163 0.993344 -30.444206 0.568875 0.817085 -0.093559 101.310394 -0.822421 0.564898 -0.067183 156.934647 0.000000 0.000000 0.000000 1.000000
-0.002301 0.115342 0.993323 -30.335419 0.572314 0.814713 -0.093276 102.237717 -0.820032 0.568278 -0.067887 156.603760 0.000000 0.000000 0.000000 1.000000
-0.002573 0.115529 0.993301 -30.257467 0.573729 0.813730 -0.093157 102.902168 -0.819041 0.569646 -0.068376 156.449493 0.000000 0.000000 0.000000 1.000000
-0.002769 0.115665 0.993284 -30.205215 0.574500 0.813193 -0.093092 103.347580 -0.818500 0.570384 -0.068701 156.359924 0.000000 0.000000 0.000000 1.000000
-0.002812 0.115694 0.993281 -30.173521 0.575951 0.812180 -0.092970 103.617737 -0.817479 0.571820 -0.068918 156.223083 0.000000 0.000000 0.000000 1.000000
-0.002626 0.115562 0.993297 -30.157246 0.579367 0.809781 -0.092680 103.756470 -0.815063 0.575240 -0.069079 155.927002 0.000000 0.000000 0.000000 1.000000
-0.002154 0.115214 0.993338 -30.151251 0.585940 0.805102 -0.092111 103.807587 -0.810352 0.581838 -0.069242 155.359726 0.000000 0.000000 0.000000 1.000000
-0.001367 0.114586 0.993412 -30.150394 0.596678 0.797288 -0.091143 103.814888 -0.802479 0.592623 -0.069461 154.409317 0.000000 0.000000 0.000000 1.000000
-0.033795 0.034981 0.998816 -30.150393 0.833946 0.551775 0.008892 30.891167 -0.550811 0.833259 -0.047820 123.240700 0.000000 0.000000 0.000000 1.000000
-0.023306 0.073495 0.997023 -30.150393 0.768529 0.639151 -0.029150 52.674042 -0.639390 0.765562 -0.071379 138.627594 0.000000 0.000000 0.000000 1.000000
-0.025232 0.070314 0.997206 -30.150393 0.765173 0.643300 -0.025999 49.939240 -0.643330 0.762379 -0.070034 137.956390 0.000000 0.000000 0.000000 1.000000
-0.026679 0.067926 0.997334 -30.150393 0.761241 0.648034 -0.023773 47.979656 -0.647921 0.758577 -0.068997 137.475449 0.000000 0.000000 0.000000 1.000000
-0.027691 0.066264 0.997418 -30.150393 0.757683 0.652241 -0.022296 46.666092 -0.652035 0.755109 -0.068269 137.153061 0.000000 0.000000 0.000000 1.000000
-0.028327 0.065228 0.997468 -30.150393 0.755082 0.655281 -0.021407 45.869339 -0.655018 0.752564 -0.067815 136.957520 0.000000 0.000000 0.000000 1.000000
-0.028661 0.064686 0.997494 -30.150393 0.753595 0.657005 -0.020953 45.460197 -0.656714 0.751106 -0.067578 136.857101 0.000000 0.000000 0.000000 1.000000
-0.028786 0.064485 0.997503 -30.150393 0.753018 0.657671 -0.020786 45.309460 -0.657370 0.750540 -0.067490 136.820114 0.000000 0.000000 0.000000 1.000000
-0.028804 0.064456 0.997505 -30.150393 0.752935 0.657768 -0.020762 45.287926 -0.657465 0.750458 -0.067477 136.814819 0.000000 0.000000 0.000000 1.000000
-0.027685 0.066006 0.997435 -30.247347 0.750127 0.660897 -0.022914 45.813831 -0.660714 0.747569 -0.067810 137.504486 0.000000 0.000000 0.000000 1.000000
-0.024867 0.069901 0.997244 -30.513367 0.739836 0.672176 -0.028668 47.255833 -0.672327 0.737084 -0.068430 139.395493 0.000000 0.000000 0.000000 1.000000
-0.021237 0.075021 0.996956 -30.911192 0.719077 0.693950 -0.036902 49.410351 -0.694606 0.716104 -0.068684 142.220886 0.000000 0.000000 0.000000 1.000000
-0.017853 0.080416 0.996601 -31.403563 0.684853 0.727202 -0.046410 52.073807 -0.728462 0.681697 -0.068056 145.713684 0.000000 0.000000 0.000000 1.000000
-0.007860 0.084555 0.996388 -31.953217 0.711276 0.700846 -0.053864 55.042633 -0.702869 0.708283 -0.065650 149.606934 0.000000 0.000000 0.000000 1.000000
0.000857 0.087494 0.996165 -32.522896 0.718529 0.692776 -0.061465 58.113243 -0.695497 0.715826 -0.062273 153.633667 0.000000 0.000000 0.000000 1.000000
0.008751 0.089352 0.995962 -33.075333 0.717654 0.693025 -0.068480 61.082066 -0.696345 0.715355 -0.058059 157.526917 0.000000 0.000000 0.000000 1.000000
0.010195 0.097063 0.995226 -33.573269 0.638327 0.765471 -0.081195 63.745525 -0.769698 0.636107 -0.054154 161.019714 0.000000 0.000000 0.000000 1.000000
0.008019 0.104220 0.994522 -33.979446 0.541677 0.835545 -0.091927 65.900040 -0.840549 0.539447 -0.049754 163.845108 0.000000 0.000000 0.000000 1.000000
0.002283 0.109292 0.994007 -34.256603 0.440197 0.892412 -0.099132 67.342041 -0.897898 0.437785 -0.046073 165.736115 0.000000 0.000000 0.000000 1.000000
-0.002660 0.111061 0.993810 -34.367474 0.378697 0.919906 -0.101789 67.867950 -0.925517 0.376082 -0.044506 166.425766 0.000000 0.000000 0.000000 1.000000
-0.002352 0.111001 0.993817 -34.381306 0.380857 0.919019 -0.101745 67.834831 -0.924631 0.378263 -0.044437 166.377213 0.000000 0.000000 0.000000 1.000000
-0.001712 0.110868 0.993834 -34.392380 0.386474 0.916687 -0.101596 67.744942 -0.922299 0.383917 -0.044417 166.245377 0.000000 0.000000 0.000000 1.000000
-0.000879 0.110675 0.993856 -34.401005 0.394232 0.913403 -0.101367 67.612473 -0.919010 0.391721 -0.044435 166.051102 0.000000 0.000000 0.000000 1.000000
0.000026 0.110437 0.993883 -34.407486 0.402987 0.909606 -0.101083 67.451614 -0.915206 0.400525 -0.044481 165.815201 0.000000 0.000000 0.000000 1.000000
0.000916 0.110173 0.993912 -34.412128 0.411857 0.905660 -0.100770 67.276558 -0.911248 0.409442 -0.044546 165.558487 0.000000 0.000000 0.000000 1.000000
0.001729 0.109904 0.993941 -34.415241 0.420176 0.901866 -0.100454 67.101509 -0.907441 0.417803 -0.044620 165.301773 0.000000 0.000000 0.000000 1.000000
0.002423 0.109653 0.993967 -34.417130 0.427437 0.898480 -0.100161 66.940651 -0.904042 0.425101 -0.044693 165.065872 0.000000 0.000000 0.000000 1.000000
0.002957 0.109445 0.993988 -34.418102 0.433144 0.895769 -0.099919 66.808182 -0.901320 0.430836 -0.044756 164.871597 0.000000 0.000000 0.000000 1.000000
0.003304 0.109302 0.994003 -34.418457 0.436907 0.893958 -0.099753 66.718292 -0.899500 0.434617 -0.044801 164.739777 0.000000 0.000000 0.000000 1.000000
0.003429 0.109249 0.994008 -34.418510 0.438273 0.893296 -0.099692 66.685173 -0.898836 0.435989 -0.044818 164.691208 0.000000 0.000000 0.000000 1.000000
0.003165 0.109355 0.993998 -34.415424 0.435614 0.894583 -0.099805 66.749313 -0.900128 0.433315 -0.044805 164.785492 0.000000 0.000000 0.000000 1.000000
0.002460 0.109626 0.993970 -34.407475 0.428553 0.897955 -0.100097 66.914742 -0.903513 0.426215 -0.044771 165.028641 0.000000 0.000000 0.000000 1.000000
0.001423 0.109989 0.993932 -34.396599 0.418306 0.902730 -0.100495 67.140938 -0.908305 0.415910 -0.044724 165.361115 0.000000 0.000000 0.000000 1.000000
0.000183 0.110370 0.993891 -34.384754 0.406237 0.908177 -0.100926 67.387390 -0.913768 0.403774 -0.044671 165.723358 0.000000 0.000000 0.000000 1.000000
-0.001092 0.110705 0.993853 -34.373882 0.394043 0.913490 -0.101320 67.613586 -0.919091 0.391510 -0.044620 166.055832 0.000000 0.000000 0.000000 1.000000
-0.002135 0.110937 0.993825 -34.365929 0.384204 0.917640 -0.101607 67.779015 -0.923246 0.381615 -0.044582 166.298981 0.000000 0.000000 0.000000 1.000000
-0.002573 0.111023 0.993814 -34.362846 0.380118 0.919328 -0.101718 67.843163 -0.924934 0.377505 -0.044567 166.393265 0.000000 0.000000 0.000000 1.000000
-0.002541 0.111018 0.993815 -34.365238 0.380266 0.919267 -0.101718 67.840897 -0.924874 0.377656 -0.044552 166.389938 0.000000 0.000000 0.000000 1.000000
-0.002394 0.110991 0.993819 -34.371544 0.381292 0.918844 -0.101699 67.825066 -0.924452 0.378692 -0.044519 166.366669 0.000000 0.000000 0.000000 1.000000
-0.002056 0.110925 0.993827 -34.380459 0.384017 0.917715 -0.101636 67.782097 -0.923324 0.381437 -0.044484 166.303513 0.000000 0.000000 0.000000 1.000000
-0.001471 0.110802 0.993841 -34.390678 0.389116 0.915580 -0.101501 67.698410 -0.921188 0.386570 -0.044462 166.180511 0.000000 0.000000 0.000000 1.000000
-0.000613 0.110600 0.993865 -34.400898 0.397021 0.912206 -0.101268 67.560448 -0.917809 0.394523 -0.044470 165.977722 0.000000 0.000000 0.000000 1.000000
0.000513 0.110292 0.993899 -34.409813 0.407897 0.907435 -0.100908 67.354630 -0.913028 0.405460 -0.044522 165.675217 0.000000 0.000000 0.000000 1.000000
0.001876 0.109851 0.993946 -34.416119 0.421700 0.901161 -0.100393 67.067398 -0.906733 0.419336 -0.044633 165.253021 0.000000 0.000000 0.000000 1.000000
0.003429 0.109249 0.994008 -34.418510 0.438273 0.893296 -0.099692 66.685173 -0.898836 0.435989 -0.044818 164.691208 0.000000 0.000000 0.000000 1.000000
0.004872 0.108254 0.994111 -34.370377 0.460937 0.881971 -0.098302 66.091209 -0.887419 0.458702 -0.045601 163.858078 0.000000 0.000000 0.000000 1.000000
0.005788 0.106719 0.994272 -34.237301 0.490453 0.866183 -0.095826 65.219643 -0.871448 0.488199 -0.047328 162.687363 0.000000 0.000000 0.000000 1.000000
0.006021 0.104737 0.994482 -34.036274 0.523412 0.847057 -0.092379 64.133232 -0.852058 0.521080 -0.049721 161.257202 0.000000 0.000000 0.000000 1.000000
0.005526 0.102391 0.994729 -33.784279 0.557231 0.825672 -0.088085 62.894741 -0.830339 0.554780 -0.052493 159.645767 0.000000 0.000000 0.000000 1.000000
0.004349 0.099764 0.995002 -33.498310 0.589972 0.803136 -0.083105 61.566921 -0.807412 0.587384 -0.055365 157.931198 0.000000 0.000000 0.000000 1.000000
0.002607 0.096946 0.995286 -33.195354 0.620204 0.780587 -0.077657 60.212532 -0.784436 0.617483 -0.058091 156.191666 0.000000 0.000000 0.000000 1.000000
0.000475 0.094048 0.995568 -32.892395 0.646911 0.759156 -0.072024 58.894329 -0.762565 0.644078 -0.060481 154.505310 0.000000 0.000000 0.000000 1.000000
-0.001829 0.091215 0.995830 -32.606426 0.669418 0.739899 -0.066543 57.675072 -0.742883 0.666505 -0.062414 152.950317 0.000000 0.000000 0.000000 1.000000
-0.004058 0.088624 0.996057 -32.354435 0.687321 0.723737 -0.061595 56.617516 -0.726342 0.684361 -0.063850 151.604828 0.000000 0.000000 0.000000 1.000000
-0.005952 0.086487 0.996235 -32.153404 0.700397 0.711428 -0.057577 55.784420 -0.713729 0.697417 -0.064810 150.546982 0.000000 0.000000 0.000000 1.000000
-0.007259 0.085038 0.996351 -32.020332 0.708478 0.703595 -0.054890 55.238537 -0.705695 0.705495 -0.065355 149.854965 0.000000 0.000000 0.000000 1.000000
-0.007741 0.084507 0.996393 -31.972197 0.711283 0.700835 -0.053914 55.042633 -0.702863 0.708300 -0.065534 149.606934 0.000000 0.000000 0.000000 1.000000
-0.007293 0.085156 0.996341 -32.019444 0.707482 0.704584 -0.055041 55.295601 -0.706693 0.704492 -0.065385 149.938675 0.000000 0.000000 0.000000 1.000000
-0.006098 0.086913 0.996197 -32.149715 0.696649 0.715054 -0.058121 55.993141 -0.717386 0.693646 -0.064908 150.853409 0.000000 0.000000 0.000000 1.000000
-0.004416 0.089475 0.995979 -32.345829 0.679333 0.731149 -0.062672 57.043201 -0.733817 0.676325 -0.064012 152.230438 0.000000 0.000000 0.000000 1.000000
-0.002534 0.092538 0.995706 -32.590584 0.655917 0.751746 -0.068196 58.353741 -0.754829 0.652927 -0.062602 153.949051 0.000000 0.000000 0.000000 1.000000
-0.000741 0.095828 0.995398 -32.866798 0.626859 0.775592 -0.074200 59.832706 -0.779133 0.623919 -0.060645 155.888535 0.000000 0.000000 0.000000 1.000000
0.000702 0.099112 0.995076 -33.157280 0.592871 0.801291 -0.080229 61.388054 -0.805297 0.590008 -0.058198 157.928177 0.000000 0.000000 0.000000 1.000000
0.001586 0.102200 0.994763 -33.444832 0.555080 0.827351 -0.085886 62.927734 -0.831796 0.552309 -0.055417 159.947281 0.000000 0.000000 0.000000 1.000000
0.001789 0.104939 0.994477 -33.712269 0.515209 0.852235 -0.090856 64.359695 -0.857062 0.512527 -0.052541 161.825119 0.000000 0.000000 0.000000 1.000000
0.001311 0.107196 0.994237 -33.942394 0.475884 0.874373 -0.094900 65.591896 -0.879507 0.473266 -0.049867 163.441010 0.000000 0.000000 0.000000 1.000000
0.000356 0.108852 0.994058 -34.118023 0.441251 0.892034 -0.097839 66.532280 -0.897383 0.438664 -0.047713 164.674210 0.000000 0.000000 0.000000 1.000000
-0.000576 0.109799 0.993954 -34.221962 0.417824 0.903061 -0.099516 67.088814 -0.908528 0.415240 -0.046397 165.404022 0.000000 0.000000 0.000000 1.000000
-0.001213 0.110277 0.993900 -34.275841 0.404440 0.909041 -0.100368 67.377296 -0.914564 0.401851 -0.045703 165.782349 0.000000 0.000000 0.000000 1.000000
-0.001756 0.110613 0.993862 -34.314445 0.394139 0.913487 -0.100971 67.584007 -0.919049 0.391543 -0.045201 166.053421 0.000000 0.000000 0.000000 1.000000
-0.002171 0.110834 0.993837 -34.340324 0.386819 0.916567 -0.101372 67.722572 -0.922153 0.384215 -0.044863 166.235123 0.000000 0.000000 0.000000 1.000000
-0.002447 0.110966 0.993821 -34.356022 0.382184 0.918482 -0.101613 67.806618 -0.924083 0.379574 -0.044657 166.345337 0.000000 0.000000 0.000000 1.000000
-0.002596 0.111033 0.993813 -34.364082 0.379740 0.919482 -0.101737 67.849777 -0.925089 0.377127 -0.044551 166.401947 0.000000 0.000000 0.000000 1.000000
-0.002652 0.111058 0.993810 -34.367050 0.378828 0.919853 -0.101782 67.865677 -0.925463 0.376214 -0.044512 166.422791 0.000000 0.000000 0.000000 1.000000
-0.002660 0.111061 0.993810 -34.367474 0.378697 0.919906 -0.101789 67.867950 -0.925517 0.376082 -0.044506 166.425766 0.000000 0.000000 0.000000 1.000000</float_array>
          <technique_common>
            <accessor source="#bone_RR_thight-Matrix-animation-output-transform-array" count="91" stride="16">
              <param type="float4x4"/>
            </accessor>
          </technique_common>
        </source>
        <source id="bone_RR_thight-Interpolations">
          <Name_array id="bone_RR_thight-Interpolations-array" count="91">
 LINEAR LINEAR LINEAR LINEAR LINEAR LINEAR LINEAR LINEAR LINEAR LINEAR LINEAR
LINEAR LINEAR LINEAR LINEAR LINEAR LINEAR LINEAR LINEAR LINEAR LINEAR LINEAR LINEAR
LINEAR LINEAR LINEAR LINEAR LINEAR LINEAR LINEAR LINEAR LINEAR LINEAR LINEAR LINEAR
LINEAR LINEAR LINEAR LINEAR LINEAR LINEAR LINEAR LINEAR LINEAR LINEAR LINEAR LINEAR
LINEAR LINEAR LINEAR LINEAR LINEAR LINEAR LINEAR LINEAR LINEAR LINEAR LINEAR LINEAR
LINEAR LINEAR LINEAR LINEAR LINEAR LINEAR LINEAR LINEAR LINEAR LINEAR LINEAR LINEAR
LINEAR LINEAR LINEAR LINEAR LINEAR LINEAR LINEAR LINEAR LINEAR LINEAR LINEAR LINEAR
LINEAR LINEAR LINEAR LINEAR LINEAR LINEAR LINEAR LINEAR</Name_array>
          <technique_common>
            <accessor source="#bone_RR_thight-Interpolations-array" count="91">
              <param type="name"/>
            </accessor>
          </technique_common>
        </source>
        <sampler id="bone_RR_thight-Matrix-animation-transform">
          <input semantic="INPUT" source="#bone_RR_thight-Matrix-animation-input"/>
          <input semantic="OUTPUT" source="#bone_RR_thight-Matrix-animation-output-transform"/>
          <input semantic="INTERPOLATION" source="#bone_RR_thight-Interpolations"/>
        </sampler>
        <channel source="#bone_RR_thight-Matrix-animation-transform" target="bone_RR_thight/matrix"/>
      </animation>
    </animation>
    <animation id="bone_RR_leg-anim" name="bone_RR_leg">
      <animation>
        <source id="bone_RR_leg-Matrix-animation-input">
          <float_array id="bone_RR_leg-Matrix-animation-input-array" count="91">

0.000000 0.033333 0.066667 0.100000 0.133333 0.166667 0.200000 0.233333 0.266667 0.300000 0.333333 0.366667 0.400000 0.433333 0.466667 0.500000
0.533333 0.566667 0.600000 0.633333 0.666667 0.700000 0.733333 0.766667 0.800000 0.833333 0.866667 0.900000 0.933333 0.966667 1.000000 1.033333
1.066667 1.100000 1.133333 1.166667 1.200000 1.233333 1.266667 1.300000 1.333333 1.366667 1.400000 1.433333 1.466667 1.500000 1.533333 1.566667
1.600000 1.633333 1.666667 1.700000 1.733333 1.766667 1.800000 1.833333 1.866667 1.900000 1.933333 1.966667 2.000000 2.033333 2.066667 2.100000
2.133333 2.166667 2.200000 2.233333 2.266667 2.300000 2.333333 2.366667 2.400000 2.433333 2.466667 2.500000 2.533333 2.566667 2.600000 2.633333
2.666667 2.700000 2.733333 2.766667 2.800000 2.833333 2.866667 2.900000 2.933333 2.966667 3.000000</float_array>
          <technique_common>
            <accessor source="#bone_RR_leg-Matrix-animation-input-array" count="91">
              <param name="TIME" type="float"/>
            </accessor>
          </technique_common>
        </source>
        <source id="bone_RR_leg-Matrix-animation-output-transform">
          <float_array id="bone_RR_leg-Matrix-animation-output-transform-array" count="1456">

-0.023980 0.108476 0.993810 -34.608379 0.194645 0.975578 -0.101790 102.164978 -0.980581 0.190999 -0.044508 82.605606 0.000000 0.000000 0.000000 1.000000
-0.028830 0.107371 0.993801 -34.286884 0.160192 0.981860 -0.101433 105.663376 -0.986665 0.156274 -0.045507 83.008652 0.000000 0.000000 0.000000 1.000000
-0.038840 0.104452 0.993771 -33.623466 0.092595 0.990619 -0.100502 113.308289 -0.994946 0.088115 -0.048148 83.557785 0.000000 0.000000 0.000000 1.000000
-0.050104 0.100127 0.993712 -32.876934 0.020583 0.994854 -0.099204 122.476395 -0.998532 0.015483 -0.051907 83.795235 0.000000 0.000000 0.000000 1.000000
-0.061001 0.094843 0.993621 -32.154701 -0.046432 0.994128 -0.097742 131.823883 -0.997057 -0.052098 -0.056239 83.697777 0.000000 0.000000 0.000000 1.000000
-0.070508 0.089259 0.993510 -31.524595 -0.103781 0.989927 -0.096302 140.321854 -0.992098 -0.109897 -0.060535 83.369217 0.000000 0.000000 0.000000 1.000000
-0.077781 0.084222 0.993407 -31.042545 -0.147956 0.984416 -0.095045 147.018143 -0.985931 -0.154373 -0.064108 82.960426 0.000000 0.000000 0.000000 1.000000
-0.082019 0.080709 0.993357 -30.761663 -0.175508 0.979969 -0.094112 150.964508 -0.981055 -0.182061 -0.066212 82.637230 0.000000 0.000000 0.000000 1.000000
-0.084018 0.078785 0.993345 -30.629185 -0.189642 0.977386 -0.093560 152.831055 -0.978252 -0.196241 -0.067177 82.451363 0.000000 0.000000 0.000000 1.000000
-0.085307 0.077662 0.993323 -30.543798 -0.197791 0.975796 -0.093278 154.069778 -0.976525 -0.204427 -0.067881 82.336906 0.000000 0.000000 0.000000 1.000000
-0.086112 0.077056 0.993301 -30.490437 -0.202197 0.974904 -0.093158 154.862442 -0.975552 -0.208864 -0.068370 82.272369 0.000000 0.000000 0.000000 1.000000
-0.086631 0.076684 0.993285 -30.456007 -0.204907 0.974344 -0.093093 155.377670 -0.974940 -0.211596 -0.068696 82.231812 0.000000 0.000000 0.000000 1.000000
-0.087052 0.076252 0.993281 -30.428143 -0.207895 0.973723 -0.092970 155.779236 -0.974270 -0.214591 -0.068912 82.187386 0.000000 0.000000 0.000000 1.000000
-0.087551 0.075470 0.993297 -30.395052 -0.213078 0.972629 -0.092681 156.227280 -0.973105 -0.219764 -0.069074 82.110138 0.000000 0.000000 0.000000 1.000000
-0.088287 0.074051 0.993339 -30.346260 -0.222250 0.970629 -0.092112 156.873734 -0.970984 -0.228902 -0.069236 81.969559 0.000000 0.000000 0.000000 1.000000
-0.089376 0.071716 0.993413 -30.274118 -0.236951 0.967237 -0.091144 157.853531 -0.967402 -0.243536 -0.069454 81.732079 0.000000 0.000000 0.000000 1.000000
-0.045064 0.018303 0.998816 -33.210995 0.539117 0.842184 0.008890 106.418129 -0.841024 0.538880 -0.047820 73.356064 0.000000 0.000000 0.000000 1.000000
-0.059396 0.049159 0.997023 -32.261047 0.299840 0.953544 -0.029152 122.276489 -0.952139 0.297216 -0.071377 80.720657 0.000000 0.000000 0.000000 1.000000
-0.056765 0.048562 0.997206 -32.435474 0.345691 0.937988 -0.026001 119.237755 -0.936630 0.343249 -0.070032 79.692657 0.000000 0.000000 0.000000 1.000000
-0.054787 0.048208 0.997334 -32.566551 0.380632 0.924421 -0.023774 116.922028 -0.923102 0.378314 -0.068996 78.795982 0.000000 0.000000 0.000000 1.000000
-0.053403 0.048019 0.997418 -32.658272 0.405312 0.913906 -0.022297 115.286308 -0.912617 0.403075 -0.068268 78.101021 0.000000 0.000000 0.000000 1.000000
-0.052535 0.047930 0.997468 -32.715851 0.420889 0.906859 -0.021409 114.253937 -0.905590 0.418699 -0.067815 77.635246 0.000000 0.000000 0.000000 1.000000
-0.052078 0.047893 0.997494 -32.746098 0.429095 0.903016 -0.020954 113.710098 -0.901757 0.426928 -0.067578 77.381226 0.000000 0.000000 0.000000 1.000000
