<?xml version="1.0" encoding="utf-8"?>
<COLLADA xmlns="http://www.collada.org/2005/11/COLLADASchema" version="1.4.1">
  <asset>
    <contributor>
      <author/>
      <authoring_tool>FBX COLLADA exporter</authoring_tool>
      <comments/>
    </contributor>
    <created>2025-03-18T07:15:43Z</created>
    <keywords/>
    <modified>2025-03-18T07:15:43Z</modified>
    <revision/>
    <subject/>
    <title/>
    <unit meter="0.010000" name="centimeter"/>
    <up_axis>Y_UP</up_axis>
  </asset>
  <library_animations>
    <animation id="bone1-anim" name="bone1">
      <animation>
        <source id="bone1-Matrix-animation-input">
          <float_array id="bone1-Matrix-animation-input-array" count="36">

0.000000 0.033333 0.066667 0.100000 0.133333 0.166667 0.200000 0.233333 0.266667 0.300000 0.333333 0.366667 0.400000 0.433333 0.466667 0.500000
0.533333 0.566667 0.600000 0.633333 0.666667 0.700000 0.733333 0.766667 0.800000 0.833333 0.866667 0.900000 0.933333 0.966667 1.000000 1.033333
1.066667 1.100000 1.133333 1.166667</float_array>
          <technique_common>
            <accessor source="#bone1-Matrix-animation-input-array" count="36">
              <param name="TIME" type="float"/>
            </accessor>
          </technique_common>
        </source>
        <source id="bone1-Matrix-animation-output-transform">
          <float_array id="bone1-Matrix-animation-output-transform-array" count="576">

0.116016 0.071516 0.990669 -0.467123 0.825653 -0.561375 -0.056166 65.945930 0.552121 0.824465 -0.124176 162.176636 0.000000 0.000000 0.000000 1.000000
0.116016 0.071516 0.990669 -0.277957 0.825653 -0.561375 -0.056166 67.558411 0.552121 0.824465 -0.124176 161.783295 0.000000 0.000000 0.000000 1.000000
0.116016 0.071516 0.990669 0.214839 0.825653 -0.561375 -0.056166 71.759064 0.552121 0.824465 -0.124176 160.744797 0.000000 0.000000 0.000000 1.000000
0.116016 0.071516 0.990669 0.899211 0.825653 -0.561375 -0.056166 77.592735 0.552121 0.824465 -0.124176 159.273438 0.000000 0.000000 0.000000 1.000000
0.116016 0.071516 0.990669 1.663105 0.825653 -0.561375 -0.056166 84.104271 0.552121 0.824465 -0.124176 157.581497 0.000000 0.000000 0.000000 1.000000
0.116016 0.071516 0.990669 2.394468 0.825653 -0.561375 -0.056166 90.338493 0.552121 0.824465 -0.124176 155.881241 0.000000 0.000000 0.000000 1.000000
0.116016 0.071516 0.990669 2.981245 0.825653 -0.561375 -0.056166 95.340256 0.552121 0.824465 -0.124176 154.384979 0.000000 0.000000 0.000000 1.000000
0.116016 0.071516 0.990669 3.311382 0.825653 -0.561375 -0.056166 98.154388 0.552121 0.824465 -0.124176 153.304993 0.000000 0.000000 0.000000 1.000000
0.116016 0.071516 0.990669 3.456146 0.825653 -0.561375 -0.056166 99.388374 0.552121 0.824465 -0.124176 152.685501 0.000000 0.000000 0.000000 1.000000
0.116016 0.071516 0.990669 3.564934 0.825653 -0.561375 -0.056166 100.315697 0.552121 0.824465 -0.124176 152.354614 0.000000 0.000000 0.000000 1.000000
0.116016 0.071516 0.990669 3.642884 0.825653 -0.561375 -0.056166 100.980156 0.552121 0.824465 -0.124176 152.200363 0.000000 0.000000 0.000000 1.000000
0.116016 0.071516 0.990669 3.695136 0.825653 -0.561375 -0.056166 101.425560 0.552121 0.824465 -0.124176 152.110794 0.000000 0.000000 0.000000 1.000000
0.116016 0.071516 0.990669 3.726830 0.825653 -0.561375 -0.056166 101.695724 0.552121 0.824465 -0.124176 151.973938 0.000000 0.000000 0.000000 1.000000
0.116016 0.071516 0.990669 3.743105 0.825653 -0.561375 -0.056166 101.834457 0.552121 0.824465 -0.124176 151.677856 0.000000 0.000000 0.000000 1.000000
0.116016 0.071516 0.990669 3.749102 0.825653 -0.561375 -0.056166 101.885567 0.552121 0.824465 -0.124176 151.110580 0.000000 0.000000 0.000000 1.000000
0.116016 0.071516 0.990669 3.749958 0.825653 -0.561375 -0.056166 101.892868 0.552121 0.824465 -0.124176 150.160172 0.000000 0.000000 0.000000 1.000000
0.116977 0.069933 0.990669 3.749958 0.817948 -0.572544 -0.056166 28.969147 0.563274 0.816886 -0.124176 118.991562 0.000000 0.000000 0.000000 1.000000
0.118229 0.067794 0.990669 3.749958 0.807400 -0.587324 -0.056166 50.752018 0.578037 0.806507 -0.124176 134.378448 0.000000 0.000000 0.000000 1.000000
0.118873 0.066658 0.990669 3.749958 0.801737 -0.595032 -0.056166 48.017216 0.585736 0.800933 -0.124176 133.707245 0.000000 0.000000 0.000000 1.000000
0.119528 0.065477 0.990669 3.749958 0.795801 -0.602948 -0.056165 46.057636 0.593645 0.795089 -0.124176 133.226303 0.000000 0.000000 0.000000 1.000000
0.120150 0.064328 0.990669 3.749958 0.789986 -0.610547 -0.056166 44.744068 0.601237 0.789363 -0.124176 132.903915 0.000000 0.000000 0.000000 1.000000
0.120699 0.063293 0.990669 3.749958 0.784707 -0.617317 -0.056166 43.947315 0.608002 0.784165 -0.124176 132.708374 0.000000 0.000000 0.000000 1.000000
0.121136 0.062452 0.990669 3.749958 0.780394 -0.622760 -0.056166 43.538170 0.613442 0.779916 -0.124176 132.607956 0.000000 0.000000 0.000000 1.000000
0.121426 0.061887 0.990669 3.749958 0.777486 -0.626387 -0.056166 43.387432 0.617066 0.777052 -0.124176 132.570969 0.000000 0.000000 0.000000 1.000000
0.121530 0.061681 0.990669 3.749958 0.776422 -0.627706 -0.056166 43.365898 0.618385 0.776003 -0.124176 132.565674 0.000000 0.000000 0.000000 1.000000
0.121411 0.061915 0.990669 3.651739 0.777630 -0.626208 -0.056165 43.891808 0.616888 0.777193 -0.124176 133.255341 0.000000 0.000000 0.000000 1.000000
0.121082 0.062556 0.990669 3.382429 0.780929 -0.622090 -0.056166 45.333805 0.612772 0.780443 -0.124176 135.146347 0.000000 0.000000 0.000000 1.000000
0.120585 0.063510 0.990669 2.980048 0.785817 -0.615904 -0.056166 47.488323 0.606590 0.785257 -0.124176 137.971741 0.000000 0.000000 0.000000 1.000000
0.119959 0.064684 0.990669 2.482616 0.791792 -0.608203 -0.056166 50.151783 0.598895 0.791141 -0.124176 141.464539 0.000000 0.000000 0.000000 1.000000
0.119248 0.065986 0.990669 1.928154 0.798363 -0.599552 -0.056165 53.120609 0.590252 0.797611 -0.124176 145.357788 0.000000 0.000000 0.000000 1.000000
0.118498 0.067323 0.990669 1.354681 0.805059 -0.590529 -0.056166 56.191223 0.581238 0.804203 -0.124176 149.384521 0.000000 0.000000 0.000000 1.000000
0.117758 0.068609 0.990669 0.800219 0.811437 -0.581735 -0.056166 59.160046 0.572453 0.810480 -0.124176 153.277771 0.000000 0.000000 0.000000 1.000000
0.117083 0.069755 0.990669 0.302787 0.817077 -0.573786 -0.056166 61.823505 0.564514 0.816030 -0.124176 156.770584 0.000000 0.000000 0.000000 1.000000
0.116529 0.070677 0.990669 -0.099594 0.821583 -0.567316 -0.056166 63.978024 0.558053 0.820462 -0.124176 159.595963 0.000000 0.000000 0.000000 1.000000
0.116153 0.071292 0.990669 -0.368904 0.824570 -0.562966 -0.056166 65.420021 0.553709 0.823400 -0.124176 161.486969 0.000000 0.000000 0.000000 1.000000
0.116016 0.071516 0.990669 -0.467123 0.825653 -0.561375 -0.056166 65.945930 0.552121 0.824465 -0.124176 162.176636 0.000000 0.000000 0.000000 1.000000</float_array>
          <technique_common>
            <accessor source="#bone1-Matrix-animation-output-transform-array" count="36" stride="16">
              <param type="float4x4"/>
            </accessor>
          </technique_common>
        </source>
        <source id="bone1-Interpolations">
          <Name_array id="bone1-Interpolations-array" count="36">
 LINEAR LINEAR LINEAR LINEAR LINEAR LINEAR LINEAR LINEAR LINEAR LINEAR LINEAR
LINEAR LINEAR LINEAR LINEAR LINEAR LINEAR LINEAR LINEAR LINEAR LINEAR LINEAR LINEAR
LINEAR LINEAR LINEAR LINEAR LINEAR LINEAR LINEAR LINEAR LINEAR LINEAR LINEAR LINEAR
LINEAR</Name_array>
          <technique_common>
            <accessor source="#bone1-Interpolations-array" count="36">
              <param type="name"/>
            </accessor>
          </technique_common>
        </source>
        <sampler id="bone1-Matrix-animation-transform">
          <input semantic="INPUT" source="#bone1-Matrix-animation-input"/>
          <input semantic="OUTPUT" source="#bone1-Matrix-animation-output-transform"/>
          <input semantic="INTERPOLATION" source="#bone1-Interpolations"/>
        </sampler>
        <channel source="#bone1-Matrix-animation-transform" target="bone1/matrix"/>
      </animation>
      <animation>
        <source id="bone1-visibility-animation-input">
          <float_array id="bone1-visibility-animation-input-array" count="36">

0.000000 0.033333 0.066667 0.100000 0.133333 0.166667 0.200000 0.233333 0.266667 0.300000 0.333333 0.366667 0.400000 0.433333 0.466667 0.500000
0.533333 0.566667 0.600000 0.633333 0.666667 0.700000 0.733333 0.766667 0.800000 0.833333 0.866667 0.900000 0.933333 0.966667 1.000000 1.033333
1.066667 1.100000 1.133333 1.166667</float_array>
          <technique_common>
            <accessor source="#bone1-visibility-animation-input-array" count="36">
              <param name="TIME" type="float"/>
            </accessor>
          </technique_common>
        </source>
        <source id="bone1-visibility-animation-output">
          <float_array id="bone1-visibility-animation-output-array" count="36">

1.000000 1.000000 1.000000 1.000000 1.000000 1.000000 1.000000 1.000000 1.000000 1.000000 1.000000 1.000000 1.000000 1.000000 1.000000 1.000000
1.000000 1.000000 1.000000 1.000000 1.000000 1.000000 1.000000 1.000000 1.000000 1.000000 1.000000 1.000000 1.000000 1.000000 1.000000 1.000000
1.000000 1.000000 1.000000 1.000000</float_array>
          <technique_common>
            <accessor source="#bone1-visibility-animation-output-array" count="36">
              <param type="float"/>
            </accessor>
          </technique_common>
        </source>
        <source id="bone1-visibility-animation-intan">
          <float_array id="bone1-visibility-animation-intan-array" count="36">

0.000000 0.000000 0.000000 0.000000 0.000000 0.000000 0.000000 0.000000 0.000000 0.000000 0.000000 0.000000 0.000000 0.000000 0.000000 0.000000
0.000000 0.000000 0.000000 0.000000 0.000000 0.000000 0.000000 0.000000 0.000000 0.000000 0.000000 0.000000 0.000000 0.000000 0.000000 0.000000
0.000000 0.000000 0.000000 0.000000</float_array>
          <technique_common>
            <accessor source="#bone1-visibility-animation-intan-array" count="36">
              <param type="float"/>
            </accessor>
          </technique_common>
        </source>
        <source id="bone1-visibility-animation-outtan">
          <float_array id="bone1-visibility-animation-outtan-array" count="36">

0.000000 0.000000 0.000000 0.000000 0.000000 0.000000 0.000000 0.000000 0.000000 0.000000 0.000000 0.000000 0.000000 0.000000 0.000000 0.000000
0.000000 0.000000 0.000000 0.000000 0.000000 0.000000 0.000000 0.000000 0.000000 0.000000 0.000000 0.000000 0.000000 0.000000 0.000000 0.000000
0.000000 0.000000 0.000000 0.000000</float_array>
          <technique_common>
            <accessor source="#bone1-visibility-animation-outtan-array" count="36">
              <param type="float"/>
            </accessor>
          </technique_common>
        </source>
        <source id="bone1-visibility-animation-interpolation">
          <Name_array id="bone1-visibility-animation-interpolation-array" count="36">
 STEP STEP STEP STEP STEP STEP STEP STEP STEP STEP STEP STEP STEP STEP STEP STEP STEP
STEP STEP STEP STEP STEP STEP STEP STEP STEP STEP STEP STEP STEP STEP STEP STEP STEP STEP
BEZIER</Name_array>
          <technique_common>
            <accessor source="#bone1-visibility-animation-interpolation-array" count="36">
              <param type="name"/>
            </accessor>
          </technique_common>
        </source>
        <sampler id="bone1-visibility-animation">
          <input semantic="INPUT" source="#bone1-visibility-animation-input"/>
          <input semantic="OUTPUT" source="#bone1-visibility-animation-output"/>
          <input semantic="IN_TANGENT" source="#bone1-visibility-animation-intan"/>
          <input semantic="OUT_TANGENT" source="#bone1-visibility-animation-outtan"/>
          <input semantic="INTERPOLATION" source="#bone1-visibility-animation-interpolation"/>
        </sampler>
        <channel source="#bone1-visibility-animation" target="bone1/visibility"/>
      </animation>
    </animation>
    <animation id="bone2-anim" name="bone2">
      <animation>
        <source id="bone2-Matrix-animation-input">
          <float_array id="bone2-Matrix-animation-input-array" count="36">

0.000000 0.033333 0.066667 0.100000 0.133333 0.166667 0.200000 0.233333 0.266667 0.300000 0.333333 0.366667 0.400000 0.433333 0.466667 0.500000
0.533333 0.566667 0.600000 0.633333 0.666667 0.700000 0.733333 0.766667 0.800000 0.833333 0.866667 0.900000 0.933333 0.966667 1.000000 1.033333
1.066667 1.100000 1.133333 1.166667</float_array>
          <technique_common>
            <accessor source="#bone2-Matrix-animation-input-array" count="36">
              <param name="TIME" type="float"/>
            </accessor>
          </technique_common>
        </source>
        <source id="bone2-Matrix-animation-output-transform">
          <float_array id="bone2-Matrix-animation-output-transform-array" count="576">

-0.002666 0.111051 0.993811 -34.367474 0.378697 0.919907 -0.101777 67.867950 -0.925517 0.376082 -0.044507 166.425766 0.000000 0.000000 0.000000 1.000000
-0.001205 0.111155 0.993802 -34.178310 0.399521 0.911097 -0.101420 69.480423 -0.916723 0.396923 -0.045506 166.032440 0.000000 0.000000 0.000000 1.000000
0.000679 0.111426 0.993773 -33.685513 0.437552 0.893561 -0.100489 73.681084 -0.899193 0.434895 -0.048147 164.993942 0.000000 0.000000 0.000000 1.000000
0.001366 0.111943 0.993714 -33.001141 0.474369 0.874720 -0.099191 79.514755 -0.880325 0.471523 -0.051908 163.522583 0.000000 0.000000 0.000000 1.000000
0.000906 0.112753 0.993623 -32.237247 0.505683 0.857166 -0.097729 86.026291 -0.862719 0.502547 -0.056241 161.830627 0.000000 0.000000 0.000000 1.000000
-0.000212 0.113738 0.993511 -31.505884 0.530679 0.842086 -0.096289 92.260513 -0.847573 0.527215 -0.060537 160.130386 0.000000 0.000000 0.000000 1.000000
-0.001369 0.114627 0.993408 -30.919107 0.549389 0.830145 -0.095032 97.262276 -0.835566 0.545637 -0.064111 158.634125 0.000000 0.000000 0.000000 1.000000
-0.001912 0.115046 0.993358 -30.588970 0.561891 0.821842 -0.094100 100.076408 -0.827209 0.557979 -0.066215 157.554123 0.000000 0.000000 0.000000 1.000000
-0.002048 0.115152 0.993346 -30.444206 0.568875 0.817086 -0.093547 101.310394 -0.822421 0.564898 -0.067181 156.934647 0.000000 0.000000 0.000000 1.000000
-0.002307 0.115331 0.993324 -30.335419 0.572314 0.814714 -0.093264 102.237717 -0.820032 0.568278 -0.067885 156.603745 0.000000 0.000000 0.000000 1.000000
-0.002578 0.115518 0.993302 -30.257467 0.573729 0.813731 -0.093145 102.902176 -0.819041 0.569646 -0.068374 156.449493 0.000000 0.000000 0.000000 1.000000
-0.002775 0.115653 0.993286 -30.205215 0.574500 0.813195 -0.093080 103.347580 -0.818500 0.570385 -0.068699 156.359924 0.000000 0.000000 0.000000 1.000000
-0.002817 0.115683 0.993282 -30.173521 0.575951 0.812182 -0.092957 103.617744 -0.817479 0.571820 -0.068916 156.223068 0.000000 0.000000 0.000000 1.000000
-0.002631 0.115551 0.993298 -30.157246 0.579367 0.809782 -0.092668 103.756477 -0.815063 0.575240 -0.069078 155.926987 0.000000 0.000000 0.000000 1.000000
-0.002159 0.115203 0.993340 -30.151251 0.585940 0.805104 -0.092099 103.807587 -0.810351 0.581839 -0.069240 155.359726 0.000000 0.000000 0.000000 1.000000
-0.001372 0.114576 0.993414 -30.150394 0.596678 0.797289 -0.091132 103.814888 -0.802479 0.592623 -0.069458 154.409317 0.000000 0.000000 0.000000 1.000000
-0.033800 0.034970 0.998817 -30.150393 0.833945 0.551775 0.008902 30.891167 -0.550811 0.833259 -0.047813 123.240700 0.000000 0.000000 0.000000 1.000000
-0.023311 0.073484 0.997024 -30.150393 0.768529 0.639151 -0.029139 52.674042 -0.639391 0.765562 -0.071374 138.627594 0.000000 0.000000 0.000000 1.000000
-0.025237 0.070303 0.997206 -30.150393 0.765173 0.643300 -0.025988 49.939240 -0.643330 0.762379 -0.070029 137.956390 0.000000 0.000000 0.000000 1.000000
-0.026684 0.067915 0.997334 -30.150393 0.761240 0.648034 -0.023761 47.979660 -0.647921 0.758577 -0.068992 137.475449 0.000000 0.000000 0.000000 1.000000
-0.027697 0.066253 0.997418 -30.150393 0.757683 0.652242 -0.022285 46.666092 -0.652035 0.755110 -0.068264 137.153061 0.000000 0.000000 0.000000 1.000000
-0.028333 0.065217 0.997469 -30.150393 0.755082 0.655282 -0.021396 45.869339 -0.655018 0.752564 -0.067810 136.957520 0.000000 0.000000 0.000000 1.000000
-0.028667 0.064675 0.997495 -30.150393 0.753594 0.657006 -0.020941 45.460197 -0.656714 0.751106 -0.067573 136.857101 0.000000 0.000000 0.000000 1.000000
-0.028791 0.064474 0.997504 -30.150393 0.753018 0.657672 -0.020774 45.309460 -0.657370 0.750540 -0.067485 136.820114 0.000000 0.000000 0.000000 1.000000
-0.028809 0.064445 0.997505 -30.150393 0.752934 0.657768 -0.020751 45.287926 -0.657465 0.750458 -0.067473 136.814819 0.000000 0.000000 0.000000 1.000000
-0.027682 0.065992 0.997436 -30.248611 0.750128 0.660896 -0.022907 45.813835 -0.660713 0.747570 -0.067798 137.504486 0.000000 0.000000 0.000000 1.000000
-0.024843 0.069881 0.997246 -30.517921 0.739839 0.672172 -0.028671 47.255833 -0.672325 0.737090 -0.068399 139.395493 0.000000 0.000000 0.000000 1.000000
-0.021185 0.074991 0.996959 -30.920303 0.719083 0.693943 -0.036918 49.410351 -0.694601 0.716114 -0.068626 142.220871 0.000000 0.000000 0.000000 1.000000
-0.017769 0.080377 0.996606 -31.417734 0.684863 0.727191 -0.046438 52.073811 -0.728455 0.681713 -0.067969 145.713684 0.000000 0.000000 0.000000 1.000000
-0.007746 0.084496 0.996394 -31.972197 0.711283 0.700836 -0.053903 55.042633 -0.702863 0.708301 -0.065530 149.606934 0.000000 0.000000 0.000000 1.000000
0.000993 0.087417 0.996171 -32.545670 0.718535 0.692765 -0.061508 58.113243 -0.695490 0.715845 -0.062124 153.633667 0.000000 0.000000 0.000000 1.000000
0.008900 0.089261 0.995969 -33.100132 0.717658 0.693016 -0.068523 61.082069 -0.696338 0.715375 -0.057890 157.526917 0.000000 0.000000 0.000000 1.000000
0.010341 0.096985 0.995232 -33.597565 0.638332 0.765464 -0.081227 63.745525 -0.769692 0.636128 -0.053993 161.019714 0.000000 0.000000 0.000000 1.000000
0.008142 0.104163 0.994527 -33.999947 0.541682 0.835540 -0.091946 65.900047 -0.840544 0.539466 -0.049620 163.845108 0.000000 0.000000 0.000000 1.000000
0.002357 0.109260 0.994010 -34.269257 0.440202 0.892409 -0.099136 67.342041 -0.897896 0.437799 -0.045993 165.736115 0.000000 0.000000 0.000000 1.000000
-0.002666 0.111051 0.993811 -34.367474 0.378697 0.919907 -0.101777 67.867950 -0.925517 0.376082 -0.044507 166.425766 0.000000 0.000000 0.000000 1.000000</float_array>
          <technique_common>
            <accessor source="#bone2-Matrix-animation-output-transform-array" count="36" stride="16">
              <param type="float4x4"/>
            </accessor>
          </technique_common>
        </source>
        <source id="bone2-Interpolations">
          <Name_array id="bone2-Interpolations-array" count="36">
 LINEAR LINEAR LINEAR LINEAR LINEAR LINEAR LINEAR LINEAR LINEAR LINEAR LINEAR
LINEAR LINEAR LINEAR LINEAR LINEAR LINEAR LINEAR LINEAR LINEAR LINEAR LINEAR LINEAR
LINEAR LINEAR LINEAR LINEAR LINEAR LINEAR LINEAR LINEAR LINEAR LINEAR LINEAR LINEAR
LINEAR</Name_array>
          <technique_common>
            <accessor source="#bone2-Interpolations-array" count="36">
              <param type="name"/>
            </accessor>
          </technique_common>
        </source>
        <sampler id="bone2-Matrix-animation-transform">
          <input semantic="INPUT" source="#bone2-Matrix-animation-input"/>
          <input semantic="OUTPUT" source="#bone2-Matrix-animation-output-transform"/>
          <input semantic="INTERPOLATION" source="#bone2-Interpolations"/>
        </sampler>
        <channel source="#bone2-Matrix-animation-transform" target="bone2/matrix"/>
      </animation>
    </animation>
    <animation id="bone3-anim" name="bone3">
      <animation>
        <source id="bone3-Matrix-animation-input">
          <float_array id="bone3-Matrix-animation-input-array" count="36">

0.000000 0.033333 0.066667 0.100000 0.133333 0.166667 0.200000 0.233333 0.266667 0.300000 0.333333 0.366667 0.400000 0.433333 0.466667 0.500000
0.533333 0.566667 0.600000 0.633333 0.666667 0.700000 0.733333 0.766667 0.800000 0.833333 0.866667 0.900000 0.933333 0.966667 1.000000 1.033333
1.066667 1.100000 1.133333 1.166667</float_array>
          <technique_common>
            <accessor source="#bone3-Matrix-animation-input-array" count="36">
              <param name="TIME" type="float"/>
            </accessor>
          </technique_common>
        </source>
        <source id="bone3-Matrix-animation-output-transform">
          <float_array id="bone3-Matrix-animation-output-transform-array" count="576">

-0.023981 0.108463 0.993811 -34.608894 0.194644 0.975579 -0.101777 102.164986 -0.980581 0.190999 -0.044507 82.605598 0.000000 0.000000 0.000000 1.000000
-0.028831 0.107357 0.993802 -34.287399 0.160191 0.981862 -0.101420 105.663383 -0.986665 0.156274 -0.045506 83.008652 0.000000 0.000000 0.000000 1.000000
-0.038841 0.104439 0.993773 -33.623981 0.092595 0.990620 -0.100489 113.308296 -0.994946 0.088115 -0.048147 83.557793 0.000000 0.000000 0.000000 1.000000
-0.050105 0.100113 0.993714 -32.877449 0.020583 0.994856 -0.099191 122.476395 -0.998532 0.015483 -0.051908 83.795242 0.000000 0.000000 0.000000 1.000000
-0.061002 0.094830 0.993623 -32.155216 -0.046432 0.994129 -0.097729 131.823883 -0.997057 -0.052098 -0.056241 83.697792 0.000000 0.000000 0.000000 1.000000
-0.070509 0.089246 0.993511 -31.525110 -0.103781 0.989928 -0.096289 140.321854 -0.992098 -0.109897 -0.060537 83.369240 0.000000 0.000000 0.000000 1.000000
-0.077782 0.084209 0.993408 -31.043058 -0.147956 0.984418 -0.095032 147.018143 -0.985930 -0.154372 -0.064111 82.960449 0.000000 0.000000 0.000000 1.000000
-0.082020 0.080696 0.993358 -30.762177 -0.175508 0.979970 -0.094100 150.964508 -0.981055 -0.182061 -0.066215 82.637253 0.000000 0.000000 0.000000 1.000000
-0.084019 0.078772 0.993346 -30.629698 -0.189643 0.977387 -0.093547 152.831039 -0.978252 -0.196241 -0.067181 82.451393 0.000000 0.000000 0.000000 1.000000
-0.085308 0.077648 0.993324 -30.544312 -0.197791 0.975797 -0.093264 154.069778 -0.976525 -0.204427 -0.067885 82.336929 0.000000 0.000000 0.000000 1.000000
-0.086113 0.077043 0.993302 -30.490952 -0.202197 0.974905 -0.093145 154.862442 -0.975552 -0.208864 -0.068374 82.272392 0.000000 0.000000 0.000000 1.000000
-0.086632 0.076670 0.993286 -30.456520 -0.204908 0.974345 -0.093080 155.377670 -0.974940 -0.211596 -0.068699 82.231842 0.000000 0.000000 0.000000 1.000000
-0.087053 0.076238 0.993282 -30.428658 -0.207896 0.973724 -0.092957 155.779236 -0.974270 -0.214591 -0.068916 82.187416 0.000000 0.000000 0.000000 1.000000
-0.087552 0.075457 0.993298 -30.395565 -0.213078 0.972631 -0.092668 156.227280 -0.973104 -0.219764 -0.069078 82.110168 0.000000 0.000000 0.000000 1.000000
-0.088288 0.074038 0.993340 -30.346775 -0.222251 0.970630 -0.092099 156.873734 -0.970984 -0.228902 -0.069240 81.969589 0.000000 0.000000 0.000000 1.000000
-0.089377 0.071703 0.993414 -30.274632 -0.236951 0.967238 -0.091132 157.853531 -0.967402 -0.243536 -0.069459 81.732109 0.000000 0.000000 0.000000 1.000000
-0.045065 0.018290 0.998817 -33.211506 0.539117 0.842184 0.008902 106.418098 -0.841025 0.538880 -0.047813 73.356049 0.000000 0.000000 0.000000 1.000000
-0.059397 0.049145 0.997024 -32.261562 0.299840 0.953545 -0.029139 122.276466 -0.952139 0.297216 -0.071374 80.720657 0.000000 0.000000 0.000000 1.000000
-0.056766 0.048549 0.997206 -32.435989 0.345690 0.937989 -0.025988 119.237724 -0.936630 0.343249 -0.070029 79.692657 0.000000 0.000000 0.000000 1.000000
-0.054788 0.048195 0.997334 -32.567066 0.380631 0.924422 -0.023761 116.921997 -0.923102 0.378315 -0.068992 78.795990 0.000000 0.000000 0.000000 1.000000
-0.053404 0.048006 0.997418 -32.658787 0.405312 0.913907 -0.022285 115.286285 -0.912617 0.403075 -0.068264 78.101021 0.000000 0.000000 0.000000 1.000000
-0.052536 0.047916 0.997469 -32.716362 0.420889 0.906860 -0.021396 114.253914 -0.905590 0.418699 -0.067810 77.635239 0.000000 0.000000 0.000000 1.000000
-0.052079 0.047879 0.997495 -32.746613 0.429094 0.903017 -0.020942 113.710075 -0.901757 0.426928 -0.067573 77.381226 0.000000 0.000000 0.000000 1.000000
-0.051909 0.047867 0.997504 -32.757885 0.432156 0.901560 -0.020774 113.507156 -0.900304 0.429999 -0.067485 77.284889 0.000000 0.000000 0.000000 1.000000
-0.051885 0.047866 0.997505 -32.759502 0.432595 0.901350 -0.020751 113.478050 -0.900094 0.430439 -0.067473 77.271004 0.000000 0.000000 0.000000 1.000000
-0.051942 0.049227 0.997436 -32.755692 0.419947 0.907259 -0.022907 113.749771 -0.906061 0.417681 -0.067798 77.666466 0.000000 0.000000 0.000000 1.000000
-0.051758 0.053118 0.997246 -32.767864 0.391490 0.919736 -0.028671 114.259979 -0.918726 0.388928 -0.068399 78.505852 0.000000 0.000000 0.000000 1.000000
-0.050686 0.059190 0.996959 -32.838947 0.361702 0.931563 -0.036918 114.534660 -0.930915 0.358730 -0.068626 79.313736 0.000000 0.000000 0.000000 1.000000
-0.047849 0.066983 0.996606 -33.026989 0.345074 0.937426 -0.046438 114.098976 -0.937355 0.341681 -0.067969 79.740540 0.000000 0.000000 0.000000 1.000000
-0.053179 0.066119 0.996394 -32.673725 0.205091 0.977258 -0.053903 119.460571 -0.977297 0.201485 -0.065530 85.951584 0.000000 0.000000 0.000000 1.000000
-0.056468 0.066738 0.996171 -32.455708 0.089767 0.994062 -0.061509 123.187958 -0.994361 0.085950 -0.062124 90.646049 0.000000 0.000000 0.000000 1.000000
-0.058907 0.067650 0.995969 -32.294056 -0.012911 0.997566 -0.068523 126.077385 -0.998180 -0.016895 -0.057890 94.462463 0.000000 0.000000 0.000000 1.000000
-0.053371 0.081637 0.995232 -32.660984 0.009806 0.996647 -0.081227 121.556564 -0.998527 0.005424 -0.053993 91.311943 0.000000 0.000000 0.000000 1.000000
-0.044294 0.094627 0.994527 -33.262558 0.059087 0.994009 -0.091946 114.957932 -0.997270 0.054691 -0.049620 87.720558 0.000000 0.000000 0.000000 1.000000
-0.032326 0.104395 0.994010 -34.055759 0.135295 0.985833 -0.099136 107.209312 -0.990278 0.131280 -0.045993 84.417465 0.000000 0.000000 0.000000 1.000000
-0.023981 0.108463 0.993811 -34.608894 0.194644 0.975579 -0.101777 102.164986 -0.980581 0.190999 -0.044507 82.605598 0.000000 0.000000 0.000000 1.000000</float_array>
          <technique_common>
            <accessor source="#bone3-Matrix-animation-output-transform-array" count="36" stride="16">
              <param type="float4x4"/>
            </accessor>
          </technique_common>
        </source>
        <source id="bone3-Interpolations">
          <Name_array id="bone3-Interpolations-array" count="36">
 LINEAR LINEAR LINEAR LINEAR LINEAR LINEAR LINEAR LINEAR LINEAR LINEAR LINEAR
LINEAR LINEAR LINEAR LINEAR LINEAR LINEAR LINEAR LINEAR LINEAR LINEAR LINEAR LINEAR
LINEAR LINEAR LINEAR LINEAR LINEAR LINEAR LINEAR LINEAR LINEAR LINEAR LINEAR LINEAR
LINEAR</Name_array>
          <technique_common>
            <accessor source="#bone3-Interpolations-array" count="36">
              <param type="name"/>
            </accessor>
          </technique_common>
        </source>
        <sampler id="bone3-Matrix-animation-transform">
          <input semantic="INPUT" source="#bone3-Matrix-animation-input"/>
          <input semantic="OUTPUT" source="#bone3-Matrix-animation-output-transform"/>
          <input semantic="INTERPOLATION" source="#bone3-Interpolations"/>
        </sampler>
        <channel source="#bone3-Matrix-animation-transform" target="bone3/matrix"/>
      </animation>
    </animation>
    <animation id="bone4-anim" name="bone4">
      <animation>
        <source id="bone4-Matrix-animation-input">
          <float_array id="bone4-Matrix-animation-input-array" count="36">

0.000000 0.033333 0.066667 0.100000 0.133333 0.166667 0.200000 0.233333 0.266667 0.300000 0.333333 0.366667 0.400000 0.433333 0.466667 0.500000
0.533333 0.566667 0.600000 0.633333 0.666667 0.700000 0.733333 0.766667 0.800000 0.833333 0.866667 0.900000 0.933333 0.966667 1.000000 1.033333
1.066667 1.100000 1.133333 1.166667</float_array>
          <technique_common>
            <accessor source="#bone4-Matrix-animation-input-array" count="36">
              <param name="TIME" type="float"/>
            </accessor>
          </technique_common>
        </source>
        <source id="bone4-Matrix-animation-output-transform">
          <float_array id="bone4-Matrix-animation-output-transform-array" count="576">

-0.306871 -0.132342 -0.942505 -36.198257 -0.865458 -0.373226 0.334192 115.065414 -0.395995 0.918253 -0.000004 17.615627 0.000000 0.000000 0.000000 1.000000
-0.306871 -0.132342 -0.942505 -36.198261 -0.865458 -0.373226 0.334192 116.280373 -0.395995 0.918253 -0.000004 17.615442 0.000000 0.000000 0.000000 1.000000
-0.306871 -0.132342 -0.942505 -36.198257 -0.865458 -0.373226 0.334192 119.445206 -0.395995 0.918253 -0.000004 17.615730 0.000000 0.000000 0.000000 1.000000
-0.306871 -0.132342 -0.942505 -36.198257 -0.865458 -0.373226 0.334192 123.840561 -0.395995 0.918253 -0.000004 17.615520 0.000000 0.000000 0.000000 1.000000
-0.306871 -0.132342 -0.942505 -36.198250 -0.865458 -0.373226 0.334192 128.746490 -0.395995 0.918253 -0.000004 17.615816 0.000000 0.000000 0.000000 1.000000
-0.306871 -0.132342 -0.942505 -36.198242 -0.865458 -0.373226 0.334192 133.443542 -0.395995 0.918253 -0.000004 17.615953 0.000000 0.000000 0.000000 1.000000
-0.306871 -0.132342 -0.942505 -36.198242 -0.865458 -0.373226 0.334192 137.212051 -0.395995 0.918253 -0.000004 17.615908 0.000000 0.000000 0.000000 1.000000
-0.306871 -0.132342 -0.942505 -36.198246 -0.865458 -0.373226 0.334192 139.332336 -0.395995 0.918253 -0.000004 17.615831 0.000000 0.000000 0.000000 1.000000
-0.306871 -0.132342 -0.942505 -36.198246 -0.865458 -0.373226 0.334192 140.262085 -0.395995 0.918253 -0.000004 17.615782 0.000000 0.000000 0.000000 1.000000
-0.306871 -0.132342 -0.942505 -36.198246 -0.865458 -0.373226 0.334192 140.960770 -0.395995 0.918253 -0.000004 17.615755 0.000000 0.000000 0.000000 1.000000
-0.306871 -0.132342 -0.942505 -36.198250 -0.865458 -0.373226 0.334192 141.461395 -0.395995 0.918253 -0.000004 17.615742 0.000000 0.000000 0.000000 1.000000
-0.306871 -0.132342 -0.942505 -36.198250 -0.865458 -0.373226 0.334192 141.796982 -0.395995 0.918253 -0.000004 17.615732 0.000000 0.000000 0.000000 1.000000
-0.306871 -0.132342 -0.942505 -36.198250 -0.865458 -0.373226 0.334192 142.000534 -0.395995 0.918253 -0.000004 17.615723 0.000000 0.000000 0.000000 1.000000
-0.306871 -0.132342 -0.942505 -36.198250 -0.865458 -0.373226 0.334192 142.105072 -0.395995 0.918253 -0.000004 17.615702 0.000000 0.000000 0.000000 1.000000
-0.306871 -0.132342 -0.942505 -36.198250 -0.865458 -0.373226 0.334192 142.143585 -0.395995 0.918253 -0.000004 17.615665 0.000000 0.000000 0.000000 1.000000
-0.306871 -0.132342 -0.942505 -36.198254 -0.865458 -0.373226 0.334192 142.149109 -0.395995 0.918253 -0.000004 17.615610 0.000000 0.000000 0.000000 1.000000
-0.306871 -0.132342 -0.942505 -36.198261 -0.865458 -0.373226 0.334192 142.149155 -0.395995 0.918253 -0.000004 17.615442 0.000000 0.000000 0.000000 1.000000
-0.306871 -0.132342 -0.942505 -36.198246 -0.865458 -0.373226 0.334192 142.148941 -0.395995 0.918253 -0.000004 17.615738 0.000000 0.000000 0.000000 1.000000
-0.306871 -0.132342 -0.942505 -36.198254 -0.865458 -0.373226 0.334192 142.149033 -0.395995 0.918253 -0.000004 17.615599 0.000000 0.000000 0.000000 1.000000
-0.306871 -0.132342 -0.942505 -36.198257 -0.865458 -0.373226 0.334192 142.149109 -0.395995 0.918253 -0.000004 17.615503 0.000000 0.000000 0.000000 1.000000
-0.306871 -0.132342 -0.942505 -36.198261 -0.865458 -0.373226 0.334192 142.149139 -0.395995 0.918253 -0.000004 17.615459 0.000000 0.000000 0.000000 1.000000
-0.306871 -0.132342 -0.942505 -36.198261 -0.865458 -0.373226 0.334192 142.149155 -0.395995 0.918253 -0.000004 17.615446 0.000000 0.000000 0.000000 1.000000
-0.306871 -0.132342 -0.942505 -36.198261 -0.865458 -0.373226 0.334192 142.149155 -0.395995 0.918253 -0.000004 17.615440 0.000000 0.000000 0.000000 1.000000
-0.306871 -0.132342 -0.942505 -36.198261 -0.865458 -0.373226 0.334192 142.149155 -0.395995 0.918253 -0.000004 17.615440 0.000000 0.000000 0.000000 1.000000
-0.306871 -0.132342 -0.942505 -36.198261 -0.865458 -0.373226 0.334192 142.149155 -0.395995 0.918253 -0.000004 17.615440 0.000000 0.000000 0.000000 1.000000
-0.306871 -0.132342 -0.942505 -36.198261 -0.865458 -0.373226 0.334192 141.582626 -0.395995 0.918253 -0.000004 17.615442 0.000000 0.000000 0.000000 1.000000
-0.306871 -0.132342 -0.942505 -36.198261 -0.865458 -0.373226 0.334192 140.206757 -0.395995 0.918253 -0.000004 17.615452 0.000000 0.000000 0.000000 1.000000
-0.306871 -0.132342 -0.942505 -36.198261 -0.865458 -0.373226 0.334192 138.507172 -0.395995 0.918253 -0.000004 17.615452 0.000000 0.000000 0.000000 1.000000
-0.306871 -0.132342 -0.942505 -36.198261 -0.865458 -0.373226 0.334192 136.969452 -0.395995 0.918253 -0.000004 17.615440 0.000000 0.000000 0.000000 1.000000
-0.306871 -0.132342 -0.942505 -36.198250 -0.865458 -0.373226 0.334192 133.053375 -0.395995 0.918253 -0.000004 21.179235 0.000000 0.000000 0.000000 1.000000
-0.306871 -0.132342 -0.942505 -36.198250 -0.865458 -0.373226 0.334192 129.137466 -0.395995 0.918253 -0.000004 24.742781 0.000000 0.000000 0.000000 1.000000
-0.306871 -0.132342 -0.942505 -36.198254 -0.865458 -0.373226 0.334192 125.221710 -0.395995 0.918253 -0.000004 28.306063 0.000000 0.000000 0.000000 1.000000
-0.306871 -0.132342 -0.942505 -36.198250 -0.865458 -0.373226 0.334192 122.206467 -0.395995 0.918253 -0.000004 25.132574 0.000000 0.000000 0.000000 1.000000
-0.306871 -0.132342 -0.942505 -36.198257 -0.865458 -0.373226 0.334192 118.874054 -0.395995 0.918253 -0.000004 21.624496 0.000000 0.000000 0.000000 1.000000
-0.306871 -0.132342 -0.942505 -36.198261 -0.865458 -0.373226 0.334192 116.176292 -0.395995 0.918253 -0.000004 18.784803 0.000000 0.000000 0.000000 1.000000
-0.306871 -0.132342 -0.942505 -36.198257 -0.865458 -0.373226 0.334192 115.065414 -0.395995 0.918253 -0.000004 17.615627 0.000000 0.000000 0.000000 1.000000</float_array>
          <technique_common>
            <accessor source="#bone4-Matrix-animation-output-transform-array" count="36" stride="16">
              <param type="float4x4"/>
            </accessor>
          </technique_common>
        </source>
        <source id="bone4-Interpolations">
          <Name_array id="bone4-Interpolations-array" count="36">
 LINEAR LINEAR LINEAR LINEAR LINEAR LINEAR LINEAR LINEAR LINEAR LINEAR LINEAR
LINEAR LINEAR LINEAR LINEAR LINEAR LINEAR LINEAR LINEAR LINEAR LINEAR LINEAR LINEAR
LINEAR LINEAR LINEAR LINEAR LINEAR LINEAR LINEAR LINEAR LINEAR LINEAR LINEAR LINEAR
LINEAR</Name_array>
          <technique_common>
            <accessor source="#bone4-Interpolations-array" count="36">
              <param type="name"/>
            </accessor>
          </technique_common>
        </source>
        <sampler id="bone4-Matrix-animation-transform">
          <input semantic="INPUT" source="#bone4-Matrix-animation-input"/>
          <input semantic="OUTPUT" source="#bone4-Matrix-animation-output-transform"/>
          <input semantic="INTERPOLATION" source="#bone4-Interpolations"/>
        </sampler>
        <channel source="#bone4-Matrix-animation-transform" target="bone4/matrix"/>
      </animation>
    </animation>
    <animation id="bone5-anim" name="bone5">
      <animation>
        <source id="bone5-Matrix-animation-input">
          <float_array id="bone5-Matrix-animation-input-array" count="36">

0.000000 0.033333 0.066667 0.100000 0.133333 0.166667 0.200000 0.233333 0.266667 0.300000 0.333333 0.366667 0.400000 0.433333 0.466667 0.500000
0.533333 0.566667 0.600000 0.633333 0.666667 0.700000 0.733333 0.766667 0.800000 0.833333 0.866667 0.900000 0.933333 0.966667 1.000000 1.033333
1.066667 1.100000 1.133333 1.166667</float_array>
          <technique_common>
            <accessor source="#bone5-Matrix-animation-input-array" count="36">
              <param name="TIME" type="float"/>
            </accessor>
          </technique_common>
        </source>
        <source id="bone5-Matrix-animation-output-transform">
          <float_array id="bone5-Matrix-animation-output-transform-array" count="576">

-0.446609 0.884880 -0.132394 -48.400196 0.076604 -0.109611 -0.991018 76.324402 -0.891444 -0.452740 -0.018832 174.871323 0.000000 0.000000 0.000000 1.000000
-0.445389 0.885402 -0.133014 -48.216599 0.097037 -0.099952 -0.990249 77.753365 -0.890063 -0.453953 -0.041399 174.648758 0.000000 0.000000 0.000000 1.000000
-0.443850 0.886035 -0.133939 -47.729431 0.134691 -0.081805 -0.987505 81.601036 -0.885920 -0.456345 -0.083032 173.926956 0.000000 0.000000 0.000000 1.000000
-0.443402 0.886149 -0.134666 -47.042439 0.171568 -0.063555 -0.983120 87.069458 -0.879749 -0.459022 -0.123854 172.770523 0.000000 0.000000 0.000000 1.000000
-0.444012 0.885754 -0.135254 -46.267456 0.203265 -0.047443 -0.977974 93.250534 -0.872660 -0.461725 -0.158978 171.355316 0.000000 0.000000 0.000000 1.000000
-0.445232 0.885062 -0.135770 -45.520020 0.228791 -0.034148 -0.972877 99.206787 -0.865692 -0.464219 -0.187290 169.882782 0.000000 0.000000 0.000000 1.000000
-0.446458 0.884381 -0.136184 -44.918026 0.248029 -0.023920 -0.968457 103.991623 -0.859742 -0.466153 -0.208673 168.558945 0.000000 0.000000 0.000000 1.000000
-0.447035 0.884059 -0.136379 -44.580723 0.260947 -0.016945 -0.965204 106.656357 -0.855609 -0.467067 -0.223117 167.588623 0.000000 0.000000 0.000000 1.000000
-0.447179 0.883978 -0.136429 -44.434139 0.268188 -0.013000 -0.963279 107.805298 -0.853291 -0.467347 -0.231259 167.026917 0.000000 0.000000 0.000000 1.000000
-0.447448 0.883831 -0.136504 -44.322166 0.271758 -0.011043 -0.962302 108.690308 -0.852020 -0.467676 -0.235247 166.727539 0.000000 0.000000 0.000000 1.000000
-0.447729 0.883677 -0.136580 -44.240879 0.273229 -0.010234 -0.961895 109.337242 -0.851402 -0.467986 -0.236864 166.589035 0.000000 0.000000 0.000000 1.000000
-0.447933 0.883565 -0.136636 -44.186203 0.274030 -0.009792 -0.961671 109.773079 -0.851037 -0.468207 -0.237737 166.508865 0.000000 0.000000 0.000000 1.000000
-0.447977 0.883540 -0.136648 -44.153988 0.275539 -0.008961 -0.961248 110.025223 -0.850526 -0.468269 -0.239435 166.384125 0.000000 0.000000 0.000000 1.000000
-0.447784 0.883647 -0.136592 -44.140038 0.279095 -0.007002 -0.960238 110.121384 -0.849468 -0.468101 -0.243486 166.111572 0.000000 0.000000 0.000000 1.000000
-0.447287 0.883923 -0.136437 -44.140110 0.285953 -0.003209 -0.958238 110.089806 -0.847446 -0.467622 -0.251325 165.587219 0.000000 0.000000 0.000000 1.000000
-0.446447 0.884394 -0.136135 -44.149872 0.297195 0.003051 -0.954812 109.959846 -0.844014 -0.466732 -0.264200 164.705429 0.000000 0.000000 0.000000 1.000000
-0.451381 0.890907 -0.050397 -44.831547 0.536092 0.225597 -0.813456 32.124378 -0.713345 -0.394196 -0.579438 134.317657 0.000000 0.000000 0.000000 1.000000
-0.453779 0.886553 -0.090043 -44.490417 0.468347 0.151310 -0.870492 55.605278 -0.758113 -0.437183 -0.483876 149.831497 0.000000 0.000000 0.000000 1.000000
-0.454502 0.886547 -0.086391 -44.514271 0.462874 0.152203 -0.873259 52.876976 -0.761036 -0.436886 -0.479536 149.128006 0.000000 0.000000 0.000000 1.000000
-0.455041 0.886533 -0.083648 -44.532024 0.457105 0.151938 -0.876339 50.946079 -0.764194 -0.437006 -0.474377 148.616592 0.000000 0.000000 0.000000 1.000000
-0.455420 0.886517 -0.081737 -44.544285 0.452132 0.151221 -0.879039 49.665916 -0.766922 -0.437287 -0.469691 148.269409 0.000000 0.000000 0.000000 1.000000
-0.455658 0.886503 -0.080544 -44.551876 0.448585 0.150529 -0.880972 48.896137 -0.768861 -0.437553 -0.466262 148.056702 0.000000 0.000000 0.000000 1.000000
-0.455785 0.886495 -0.079920 -44.555828 0.446584 0.150087 -0.882064 48.503105 -0.769950 -0.437722 -0.464301 147.946747 0.000000 0.000000 0.000000 1.000000
-0.455832 0.886492 -0.079688 -44.557293 0.445813 0.149908 -0.882484 48.358723 -0.770369 -0.437790 -0.463542 147.906113 0.000000 0.000000 0.000000 1.000000
