<?xml version="1.0" encoding="utf-8"?>
<COLLADA xmlns="http://www.collada.org/2005/11/COLLADASchema" version="1.4.1">
  <asset>
    <contributor>
      <author/>
      <authoring_tool>FBX COLLADA exporter</authoring_tool>
      <comments/>
    </contributor>
    <created>2025-03-24T07:35:08Z</created>
    <keywords/>
    <modified>2025-03-24T07:35:08Z</modified>
    <revision/>
    <subject/>
    <title/>
    <unit meter="0.010000" name="centimeter"/>
    <up_axis>Y_UP</up_axis>
  </asset>
  <library_animations>
    <animation id="bone_horse_hip-anim" name="bone_horse_hip">
      <animation>
        <source id="bone_horse_hip-Matrix-animation-input">
          <float_array id="bone_horse_hip-Matrix-animation-input-array" count="25">

0.000000 0.033333 0.066667 0.100000 0.133333 0.166667 0.200000 0.233333 0.266667 0.300000 0.333333 0.366667 0.400000 0.433333 0.466667 0.500000
0.533333 0.566667 0.600000 0.633333 0.666667 0.700000 0.733333 0.766667 0.800000</float_array>
          <technique_common>
            <accessor source="#bone_horse_hip-Matrix-animation-input-array" count="25">
              <param name="TIME" type="float"/>
            </accessor>
          </technique_common>
        </source>
        <source id="bone_horse_hip-Matrix-animation-output-transform">
          <float_array id="bone_horse_hip-Matrix-animation-output-transform-array" count="400">

-0.020337 -0.134759 0.990670 -0.518158 -0.961848 -0.267758 -0.056168 64.763153 0.272829 -0.954016 -0.124172 160.442062 0.000000 0.000000 0.000000 1.000000
-0.020337 -0.134759 0.990670 -0.517220 -0.961848 -0.267756 -0.056168 64.782654 0.272827 -0.954016 -0.124172 160.470734 0.000000 0.000000 0.000000 1.000000
-0.020338 -0.134759 0.990670 -0.514610 -0.961849 -0.267752 -0.056168 64.836945 0.272823 -0.954017 -0.124172 160.550537 0.000000 0.000000 0.000000 1.000000
-0.020339 -0.134759 0.990670 -0.510633 -0.961851 -0.267746 -0.056168 64.919693 0.272817 -0.954019 -0.124172 160.672165 0.000000 0.000000 0.000000 1.000000
-0.020340 -0.134758 0.990670 -0.505591 -0.961853 -0.267738 -0.056168 65.024582 0.272809 -0.954021 -0.124172 160.826324 0.000000 0.000000 0.000000 1.000000
-0.020341 -0.134758 0.990670 -0.499789 -0.961856 -0.267729 -0.056168 65.145287 0.272800 -0.954024 -0.124172 161.003738 0.000000 0.000000 0.000000 1.000000
-0.020343 -0.134758 0.990670 -0.493531 -0.961858 -0.267720 -0.056169 65.275475 0.272791 -0.954027 -0.124172 161.195099 0.000000 0.000000 0.000000 1.000000
-0.020344 -0.134758 0.990670 -0.487120 -0.961861 -0.267710 -0.056168 65.408821 0.272781 -0.954029 -0.124172 161.391098 0.000000 0.000000 0.000000 1.000000
-0.020345 -0.134757 0.990670 -0.480862 -0.961864 -0.267700 -0.056168 65.539009 0.272771 -0.954032 -0.124172 161.582458 0.000000 0.000000 0.000000 1.000000
-0.020347 -0.134757 0.990670 -0.475060 -0.961866 -0.267691 -0.056169 65.659714 0.272762 -0.954035 -0.124172 161.759872 0.000000 0.000000 0.000000 1.000000
-0.020348 -0.134757 0.990670 -0.470018 -0.961869 -0.267682 -0.056168 65.764603 0.272754 -0.954037 -0.124172 161.914032 0.000000 0.000000 0.000000 1.000000
-0.020349 -0.134757 0.990670 -0.466040 -0.961870 -0.267676 -0.056169 65.847351 0.272748 -0.954039 -0.124172 162.035660 0.000000 0.000000 0.000000 1.000000
-0.020349 -0.134757 0.990670 -0.463431 -0.961872 -0.267672 -0.056168 65.901642 0.272744 -0.954040 -0.124172 162.115463 0.000000 0.000000 0.000000 1.000000
-0.020349 -0.134757 0.990670 -0.462493 -0.961872 -0.267670 -0.056168 65.921143 0.272742 -0.954040 -0.124172 162.144135 0.000000 0.000000 0.000000 1.000000
-0.020349 -0.134757 0.990670 -0.463589 -0.961871 -0.267673 -0.056168 65.920471 0.272744 -0.954040 -0.124172 162.143143 0.000000 0.000000 0.000000 1.000000
-0.020348 -0.134757 0.990670 -0.466617 -0.961870 -0.267678 -0.056168 65.915779 0.272749 -0.954039 -0.124172 162.136246 0.000000 0.000000 0.000000 1.000000
-0.020347 -0.134757 0.990670 -0.471191 -0.961868 -0.267684 -0.056168 65.903046 0.272756 -0.954036 -0.124172 162.117538 0.000000 0.000000 0.000000 1.000000
-0.020346 -0.134757 0.990670 -0.476925 -0.961866 -0.267694 -0.056168 65.878250 0.272765 -0.954034 -0.124172 162.081085 0.000000 0.000000 0.000000 1.000000
-0.020345 -0.134758 0.990670 -0.483432 -0.961863 -0.267704 -0.056168 65.837372 0.272775 -0.954031 -0.124172 162.021011 0.000000 0.000000 0.000000 1.000000
-0.020343 -0.134758 0.990670 -0.490325 -0.961860 -0.267715 -0.056168 65.776390 0.272786 -0.954028 -0.124172 161.931366 0.000000 0.000000 0.000000 1.000000
-0.020342 -0.134758 0.990670 -0.497219 -0.961857 -0.267725 -0.056168 65.691284 0.272796 -0.954025 -0.124172 161.806274 0.000000 0.000000 0.000000 1.000000
-0.020340 -0.134758 0.990670 -0.503726 -0.961854 -0.267735 -0.056168 65.578033 0.272806 -0.954022 -0.124172 161.639816 0.000000 0.000000 0.000000 1.000000
-0.020339 -0.134758 0.990670 -0.509460 -0.961851 -0.267744 -0.056168 65.432617 0.272815 -0.954019 -0.124172 161.426071 0.000000 0.000000 0.000000 1.000000
-0.020338 -0.134759 0.990670 -0.514034 -0.961849 -0.267751 -0.056168 65.251007 0.272822 -0.954017 -0.124172 161.159134 0.000000 0.000000 0.000000 1.000000
-0.020337 -0.134759 0.990670 -0.517062 -0.961848 -0.267756 -0.056168 65.029198 0.272827 -0.954016 -0.124172 160.833115 0.000000 0.000000 0.000000 1.000000</float_array>
          <technique_common>
            <accessor source="#bone_horse_hip-Matrix-animation-output-transform-array" count="25" stride="16">
              <param type="float4x4"/>
            </accessor>
          </technique_common>
        </source>
        <source id="bone_horse_hip-Interpolations">
          <Name_array id="bone_horse_hip-Interpolations-array" count="25">
 LINEAR LINEAR LINEAR LINEAR LINEAR LINEAR LINEAR LINEAR LINEAR LINEAR LINEAR
LINEAR LINEAR LINEAR LINEAR LINEAR LINEAR LINEAR LINEAR LINEAR LINEAR LINEAR LINEAR
LINEAR LINEAR</Name_array>
          <technique_common>
            <accessor source="#bone_horse_hip-Interpolations-array" count="25">
              <param type="name"/>
            </accessor>
          </technique_common>
        </source>
        <sampler id="bone_horse_hip-Matrix-animation-transform">
          <input semantic="INPUT" source="#bone_horse_hip-Matrix-animation-input"/>
          <input semantic="OUTPUT" source="#bone_horse_hip-Matrix-animation-output-transform"/>
          <input semantic="INTERPOLATION" source="#bone_horse_hip-Interpolations"/>
        </sampler>
        <channel source="#bone_horse_hip-Matrix-animation-transform" target="bone_horse_hip/matrix"/>
      </animation>
    </animation>
    <animation id="bone_RR_thight-anim" name="bone_RR_thight">
      <animation>
        <source id="bone_RR_thight-Matrix-animation-input">
          <float_array id="bone_RR_thight-Matrix-animation-input-array" count="25">

0.000000 0.033333 0.066667 0.100000 0.133333 0.166667 0.200000 0.233333 0.266667 0.300000 0.333333 0.366667 0.400000 0.433333 0.466667 0.500000
0.533333 0.566667 0.600000 0.633333 0.666667 0.700000 0.733333 0.766667 0.800000</float_array>
          <technique_common>
            <accessor source="#bone_RR_thight-Matrix-animation-input-array" count="25">
              <param name="TIME" type="float"/>
            </accessor>
          </technique_common>
        </source>
        <source id="bone_RR_thight-Matrix-animation-output-transform">
          <float_array id="bone_RR_thight-Matrix-animation-output-transform-array" count="400">

0.003429 0.109249 0.994008 -34.418510 0.438273 0.893296 -0.099692 66.685173 -0.898836 0.435989 -0.044818 164.691208 0.000000 0.000000 0.000000 1.000000
0.003349 0.109281 0.994005 -34.417572 0.437469 0.893687 -0.099726 66.704674 -0.899227 0.435181 -0.044814 164.719864 0.000000 0.000000 0.000000 1.000000
0.003125 0.109370 0.993996 -34.414963 0.435211 0.894778 -0.099822 66.758965 -0.900323 0.432910 -0.044803 164.799667 0.000000 0.000000 0.000000 1.000000
0.002776 0.109506 0.993982 -34.410984 0.431708 0.896457 -0.099967 66.841713 -0.902009 0.429388 -0.044786 164.921295 0.000000 0.000000 0.000000 1.000000
0.002320 0.109678 0.993964 -34.405941 0.427157 0.898613 -0.100154 66.946602 -0.904174 0.424811 -0.044765 165.075470 0.000000 0.000000 0.000000 1.000000
0.001770 0.109873 0.993944 -34.400139 0.421715 0.901156 -0.100367 67.067299 -0.906726 0.419339 -0.044740 165.252884 0.000000 0.000000 0.000000 1.000000
0.001150 0.110078 0.993922 -34.393883 0.415630 0.903954 -0.100594 67.197487 -0.909533 0.413220 -0.044712 165.444229 0.000000 0.000000 0.000000 1.000000
0.000479 0.110283 0.993900 -34.387470 0.409105 0.906900 -0.100827 67.330841 -0.912487 0.406658 -0.044683 165.640244 0.000000 0.000000 0.000000 1.000000
-0.000216 0.110480 0.993878 -34.381214 0.402402 0.909868 -0.101054 67.461029 -0.915463 0.399917 -0.044654 165.831589 0.000000 0.000000 0.000000 1.000000
-0.000903 0.110658 0.993858 -34.375412 0.395839 0.912719 -0.101264 67.581726 -0.918319 0.393316 -0.044627 166.009003 0.000000 0.000000 0.000000 1.000000
-0.001539 0.110808 0.993841 -34.370369 0.389812 0.915290 -0.101447 67.686615 -0.920893 0.387255 -0.044603 166.163177 0.000000 0.000000 0.000000 1.000000
-0.002071 0.110924 0.993827 -34.366394 0.384804 0.917391 -0.101591 67.769371 -0.922996 0.382218 -0.044584 166.284805 0.000000 0.000000 0.000000 1.000000
-0.002438 0.110997 0.993818 -34.363781 0.381379 0.918809 -0.101684 67.823662 -0.924416 0.378773 -0.044572 166.364594 0.000000 0.000000 0.000000 1.000000
-0.002573 0.111022 0.993814 -34.362846 0.380118 0.919328 -0.101717 67.843163 -0.924934 0.377505 -0.044567 166.393265 0.000000 0.000000 0.000000 1.000000
-0.002561 0.111020 0.993815 -34.363941 0.380162 0.919310 -0.101718 67.842491 -0.924916 0.377550 -0.044560 166.392288 0.000000 0.000000 0.000000 1.000000
-0.002509 0.111013 0.993816 -34.366970 0.380468 0.919183 -0.101715 67.837799 -0.924791 0.377860 -0.044543 166.385391 0.000000 0.000000 0.000000 1.000000
-0.002394 0.110989 0.993819 -34.371544 0.381292 0.918844 -0.101697 67.825066 -0.924452 0.378692 -0.044519 166.366669 0.000000 0.000000 0.000000 1.000000
-0.002193 0.110954 0.993823 -34.377277 0.382874 0.918190 -0.101665 67.800270 -0.923798 0.380286 -0.044495 166.330231 0.000000 0.000000 0.000000 1.000000
-0.001890 0.110892 0.993831 -34.383785 0.385426 0.917128 -0.101600 67.759392 -0.922737 0.382856 -0.044474 166.270142 0.000000 0.000000 0.000000 1.000000
-0.001471 0.110803 0.993841 -34.390678 0.389116 0.915580 -0.101502 67.698410 -0.921188 0.386570 -0.044462 166.180511 0.000000 0.000000 0.000000 1.000000
-0.000930 0.110677 0.993856 -34.397572 0.394059 0.913479 -0.101358 67.613304 -0.919085 0.391544 -0.044463 166.055420 0.000000 0.000000 0.000000 1.000000
-0.000266 0.110510 0.993875 -34.404079 0.400315 0.910777 -0.101163 67.500053 -0.916378 0.397836 -0.044481 165.888947 0.000000 0.000000 0.000000 1.000000
0.000513 0.110292 0.993899 -34.409813 0.407897 0.907435 -0.100907 67.354630 -0.913028 0.405460 -0.044522 165.675217 0.000000 0.000000 0.000000 1.000000
0.001398 0.110014 0.993929 -34.414387 0.416782 0.903424 -0.100583 67.173027 -0.909005 0.414392 -0.044589 165.408279 0.000000 0.000000 0.000000 1.000000
0.002378 0.109670 0.993965 -34.417416 0.426945 0.898711 -0.100182 66.951210 -0.904274 0.424607 -0.044686 165.082245 0.000000 0.000000 0.000000 1.000000</float_array>
          <technique_common>
            <accessor source="#bone_RR_thight-Matrix-animation-output-transform-array" count="25" stride="16">
              <param type="float4x4"/>
            </accessor>
          </technique_common>
        </source>
        <source id="bone_RR_thight-Interpolations">
          <Name_array id="bone_RR_thight-Interpolations-array" count="25">
 LINEAR LINEAR LINEAR LINEAR LINEAR LINEAR LINEAR LINEAR LINEAR LINEAR LINEAR
LINEAR LINEAR LINEAR LINEAR LINEAR LINEAR LINEAR LINEAR LINEAR LINEAR LINEAR LINEAR
LINEAR LINEAR</Name_array>
          <technique_common>
            <accessor source="#bone_RR_thight-Interpolations-array" count="25">
              <param type="name"/>
            </accessor>
          </technique_common>
        </source>
        <sampler id="bone_RR_thight-Matrix-animation-transform">
          <input semantic="INPUT" source="#bone_RR_thight-Matrix-animation-input"/>
          <input semantic="OUTPUT" source="#bone_RR_thight-Matrix-animation-output-transform"/>
          <input semantic="INTERPOLATION" source="#bone_RR_thight-Interpolations"/>
        </sampler>
        <channel source="#bone_RR_thight-Matrix-animation-transform" target="bone_RR_thight/matrix"/>
      </animation>
    </animation>
    <animation id="bone_RR_leg-anim" name="bone_RR_leg">
      <animation>
        <source id="bone_RR_leg-Matrix-animation-input">
          <float_array id="bone_RR_leg-Matrix-animation-input-array" count="25">

0.000000 0.033333 0.066667 0.100000 0.133333 0.166667 0.200000 0.233333 0.266667 0.300000 0.333333 0.366667 0.400000 0.433333 0.466667 0.500000
0.533333 0.566667 0.600000 0.633333 0.666667 0.700000 0.733333 0.766667 0.800000</float_array>
          <technique_common>
            <accessor source="#bone_RR_leg-Matrix-animation-input-array" count="25">
              <param name="TIME" type="float"/>
            </accessor>
          </technique_common>
        </source>
        <source id="bone_RR_leg-Matrix-animation-output-transform">
          <float_array id="bone_RR_leg-Matrix-animation-output-transform-array" count="400">

-0.031530 0.104663 0.994007 -34.107941 0.131083 0.986345 -0.099698 106.377686 -0.990870 0.127154 -0.044819 83.287437 0.000000 0.000000 0.000000 1.000000
-0.031436 0.104718 0.994005 -34.114208 0.131896 0.986234 -0.099728 106.324387 -0.990765 0.127970 -0.044815 83.280617 0.000000 0.000000 0.000000 1.000000
-0.031169 0.104883 0.993996 -34.131889 0.134187 0.985915 -0.099823 106.174164 -0.990466 0.130270 -0.044804 83.261162 0.000000 0.000000 0.000000 1.000000
-0.030752 0.105136 0.993982 -34.159519 0.137761 0.985407 -0.099967 105.939705 -0.989988 0.133858 -0.044787 83.230118 0.000000 0.000000 0.000000 1.000000
-0.030205 0.105461 0.993964 -34.195793 0.142443 0.984723 -0.100152 105.632446 -0.989342 0.138558 -0.044766 83.188187 0.000000 0.000000 0.000000 1.000000
-0.029541 0.105841 0.993944 -34.239819 0.148116 0.983864 -0.100365 105.260300 -0.988529 0.144254 -0.044741 83.134460 0.000000 0.000000 0.000000 1.000000
-0.028788 0.106251 0.993922 -34.289703 0.154526 0.982854 -0.100592 104.839363 -0.987569 0.150691 -0.044713 83.071640 0.000000 0.000000 0.000000 1.000000
-0.027968 0.106684 0.993900 -34.344036 0.161490 0.981710 -0.100832 104.381767 -0.986478 0.157685 -0.044685 83.000107 0.000000 0.000000 0.000000 1.000000
-0.027112 0.107106 0.993878 -34.400753 0.168745 0.980466 -0.101058 103.904900 -0.985287 0.164972 -0.044656 82.921944 0.000000 0.000000 0.000000 1.000000
-0.026261 0.107503 0.993858 -34.457165 0.175946 0.979177 -0.101266 103.431221 -0.984049 0.172206 -0.044629 82.840668 0.000000 0.000000 0.000000 1.000000
-0.025468 0.107853 0.993840 -34.509735 0.182648 0.977931 -0.101446 102.990219 -0.982849 0.178939 -0.044605 82.761726 0.000000 0.000000 0.000000 1.000000
-0.024801 0.108133 0.993827 -34.553967 0.188279 0.976847 -0.101587 102.619446 -0.981802 0.184597 -0.044586 82.692924 0.000000 0.000000 0.000000 1.000000
-0.024340 0.108324 0.993818 -34.584507 0.192165 0.976080 -0.101685 102.363518 -0.981061 0.188502 -0.044574 82.644150 0.000000 0.000000 0.000000 1.000000
-0.024169 0.108393 0.993814 -34.595806 0.193602 0.975793 -0.101719 102.268860 -0.980782 0.189946 -0.044569 82.625839 0.000000 0.000000 0.000000 1.000000
-0.024169 0.108389 0.993815 -34.595818 0.193541 0.975805 -0.101718 102.272194 -0.980794 0.189886 -0.044562 82.626495 0.000000 0.000000 0.000000 1.000000
-0.024194 0.108376 0.993816 -34.594151 0.193165 0.975880 -0.101718 102.295219 -0.980868 0.189509 -0.044545 82.630981 0.000000 0.000000 0.000000 1.000000
-0.024283 0.108331 0.993818 -34.588291 0.192189 0.976074 -0.101701 102.357079 -0.981057 0.188531 -0.044522 82.642967 0.000000 0.000000 0.000000 1.000000
-0.024470 0.108241 0.993823 -34.575905 0.190347 0.976438 -0.101661 102.475563 -0.981412 0.186684 -0.044497 82.665718 0.000000 0.000000 0.000000 1.000000
-0.024786 0.108106 0.993830 -34.554955 0.187416 0.977012 -0.101603 102.665810 -0.981968 0.183741 -0.044477 82.701744 0.000000 0.000000 0.000000 1.000000
-0.025254 0.107899 0.993841 -34.523891 0.183229 0.977816 -0.101503 102.939018 -0.982746 0.179537 -0.044464 82.752419 0.000000 0.000000 0.000000 1.000000
-0.025890 0.107615 0.993856 -34.481750 0.177693 0.978852 -0.101362 103.301575 -0.983745 0.173977 -0.044465 82.817772 0.000000 0.000000 0.000000 1.000000
-0.026699 0.107237 0.993875 -34.428158 0.170792 0.980100 -0.101163 103.754906 -0.984945 0.167045 -0.044483 82.896484 0.000000 0.000000 0.000000 1.000000
-0.027678 0.106762 0.993899 -34.363281 0.162572 0.981523 -0.100905 104.296165 -0.986308 0.158787 -0.044523 82.986115 0.000000 0.000000 0.000000 1.000000
-0.028818 0.106184 0.993929 -34.287701 0.153127 0.983074 -0.100585 104.919243 -0.987786 0.149299 -0.044590 83.083481 0.000000 0.000000 0.000000 1.000000
-0.030110 0.105486 0.993965 -34.202042 0.142556 0.984704 -0.100184 105.617828 -0.989329 0.138679 -0.044687 83.185898 0.000000 0.000000 0.000000 1.000000</float_array>
          <technique_common>
            <accessor source="#bone_RR_leg-Matrix-animation-output-transform-array" count="25" stride="16">
              <param type="float4x4"/>
            </accessor>
          </technique_common>
        </source>
        <source id="bone_RR_leg-Interpolations">
          <Name_array id="bone_RR_leg-Interpolations-array" count="25">
 LINEAR LINEAR LINEAR LINEAR LINEAR LINEAR LINEAR LINEAR LINEAR LINEAR LINEAR
LINEAR LINEAR LINEAR LINEAR LINEAR LINEAR LINEAR LINEAR LINEAR LINEAR LINEAR LINEAR
LINEAR LINEAR</Name_array>
          <technique_common>
            <accessor source="#bone_RR_leg-Interpolations-array" count="25">
              <param type="name"/>
            </accessor>
          </technique_common>
        </source>
        <sampler id="bone_RR_leg-Matrix-animation-transform">
          <input semantic="INPUT" source="#bone_RR_leg-Matrix-animation-input"/>
          <input semantic="OUTPUT" source="#bone_RR_leg-Matrix-animation-output-transform"/>
          <input semantic="INTERPOLATION" source="#bone_RR_leg-Interpolations"/>
        </sampler>
        <channel source="#bone_RR_leg-Matrix-animation-transform" target="bone_RR_leg/matrix"/>
      </animation>
    </animation>
    <animation id="bone_RR_foot-anim" name="bone_RR_foot">
      <animation>
        <source id="bone_RR_foot-Matrix-animation-input">
          <float_array id="bone_RR_foot-Matrix-animation-input-array" count="25">

0.000000 0.033333 0.066667 0.100000 0.133333 0.166667 0.200000 0.233333 0.266667 0.300000 0.333333 0.366667 0.400000 0.433333 0.466667 0.500000
0.533333 0.566667 0.600000 0.633333 0.666667 0.700000 0.733333 0.766667 0.800000</float_array>
          <technique_common>
            <accessor source="#bone_RR_foot-Matrix-animation-input-array" count="25">
              <param name="TIME" type="float"/>
            </accessor>
          </technique_common>
        </source>
        <source id="bone_RR_foot-Matrix-animation-output-transform">
          <float_array id="bone_RR_foot-Matrix-animation-output-transform-array" count="400">

0.000005 -0.371391 -0.928477 -36.197678 -0.000000 -0.928477 0.371391 115.065475 -1.000000 -0.000002 -0.000005 17.615528 0.000000 0.000000 0.000000 1.000000
0.000005 -0.371391 -0.928477 -36.197678 -0.000000 -0.928477 0.371391 115.066055 -1.000000 -0.000002 -0.000005 17.615660 0.000000 0.000000 0.000000 1.000000
0.000005 -0.371391 -0.928477 -36.197678 -0.000000 -0.928477 0.371391 115.067665 -1.000000 -0.000002 -0.000005 17.616037 0.000000 0.000000 0.000000 1.000000
0.000005 -0.371391 -0.928477 -36.197674 -0.000000 -0.928477 0.371391 115.070107 -1.000000 -0.000002 -0.000005 17.616655 0.000000 0.000000 0.000000 1.000000
0.000005 -0.371391 -0.928477 -36.197670 -0.000000 -0.928477 0.371391 115.073174 -1.000000 -0.000002 -0.000005 17.617540 0.000000 0.000000 0.000000 1.000000
0.000005 -0.371391 -0.928477 -36.197678 -0.000000 -0.928477 0.371391 115.076973 -1.000000 -0.000002 -0.000005 17.617710 0.000000 0.000000 0.000000 1.000000
0.000005 -0.371391 -0.928477 -36.197678 -0.000000 -0.928477 0.371391 115.080887 -1.000000 -0.000002 -0.000005 17.618484 0.000000 0.000000 0.000000 1.000000
0.000005 -0.371391 -0.928477 -36.197678 -0.000000 -0.928477 0.371391 115.084885 -1.000000 -0.000002 -0.000005 17.619280 0.000000 0.000000 0.000000 1.000000
0.000005 -0.371391 -0.928477 -36.197678 -0.000000 -0.928477 0.371391 115.088791 -1.000000 -0.000002 -0.000005 17.620060 0.000000 0.000000 0.000000 1.000000
0.000005 -0.371391 -0.928477 -36.197678 -0.000000 -0.928477 0.371391 115.092415 -1.000000 -0.000002 -0.000005 17.620790 0.000000 0.000000 0.000000 1.000000
0.000005 -0.371391 -0.928477 -36.197678 -0.000000 -0.928477 0.371391 115.095558 -1.000000 -0.000002 -0.000005 17.621443 0.000000 0.000000 0.000000 1.000000
0.000005 -0.371391 -0.928477 -36.197678 -0.000000 -0.928477 0.371391 115.098022 -1.000000 -0.000002 -0.000005 17.621979 0.000000 0.000000 0.000000 1.000000
0.000005 -0.371391 -0.928477 -36.197678 -0.000000 -0.928477 0.371391 115.099640 -1.000000 -0.000002 -0.000005 17.622351 0.000000 0.000000 0.000000 1.000000
0.000005 -0.371391 -0.928477 -36.197678 -0.000000 -0.928477 0.371391 115.100220 -1.000000 -0.000002 -0.000005 17.622490 0.000000 0.000000 0.000000 1.000000
0.000005 -0.371391 -0.928477 -36.197678 -0.000000 -0.928477 0.371391 115.099533 -1.000000 -0.000002 -0.000005 17.622355 0.000000 0.000000 0.000000 1.000000
0.000005 -0.371391 -0.928477 -36.197678 -0.000000 -0.928477 0.371391 115.097641 -1.000000 -0.000002 -0.000005 17.621973 0.000000 0.000000 0.000000 1.000000
0.000005 -0.371391 -0.928477 -36.197678 -0.000000 -0.928477 0.371391 115.094795 -1.000000 -0.000002 -0.000005 17.621391 0.000000 0.000000 0.000000 1.000000
0.000005 -0.371391 -0.928477 -36.197678 -0.000000 -0.928477 0.371391 115.091217 -1.000000 -0.000002 -0.000005 17.620657 0.000000 0.000000 0.000000 1.000000
0.000005 -0.371391 -0.928477 -36.197678 -0.000000 -0.928477 0.371391 115.087166 -1.000000 -0.000002 -0.000005 17.619820 0.000000 0.000000 0.000000 1.000000
0.000005 -0.371391 -0.928477 -36.197678 -0.000000 -0.928477 0.371391 115.082870 -1.000000 -0.000002 -0.000005 17.618935 0.000000 0.000000 0.000000 1.000000
0.000005 -0.371391 -0.928477 -36.197678 -0.000000 -0.928477 0.371391 115.078575 -1.000000 -0.000002 -0.000005 17.618055 0.000000 0.000000 0.000000 1.000000
0.000005 -0.371391 -0.928477 -36.197678 -0.000000 -0.928477 0.371391 115.074516 -1.000000 -0.000002 -0.000005 17.617233 0.000000 0.000000 0.000000 1.000000
0.000005 -0.371391 -0.928477 -36.197678 -0.000000 -0.928477 0.371391 115.070930 -1.000000 -0.000002 -0.000005 17.616516 0.000000 0.000000 0.000000 1.000000
0.000005 -0.371391 -0.928477 -36.197678 -0.000000 -0.928477 0.371391 115.068077 -1.000000 -0.000002 -0.000005 17.615948 0.000000 0.000000 0.000000 1.000000
0.000005 -0.371391 -0.928477 -36.197670 -0.000000 -0.928477 0.371391 115.066002 -1.000000 -0.000002 -0.000005 17.616133 0.000000 0.000000 0.000000 1.000000</float_array>
          <technique_common>
            <accessor source="#bone_RR_foot-Matrix-animation-output-transform-array" count="25" stride="16">
              <param type="float4x4"/>
            </accessor>
          </technique_common>
        </source>
        <source id="bone_RR_foot-Interpolations">
          <Name_array id="bone_RR_foot-Interpolations-array" count="25">
 LINEAR LINEAR LINEAR LINEAR LINEAR LINEAR LINEAR LINEAR LINEAR LINEAR LINEAR
LINEAR LINEAR LINEAR LINEAR LINEAR LINEAR LINEAR LINEAR LINEAR LINEAR LINEAR LINEAR
LINEAR LINEAR</Name_array>
          <technique_common>
            <accessor source="#bone_RR_foot-Interpolations-array" count="25">
              <param type="name"/>
            </accessor>
          </technique_common>
        </source>
        <sampler id="bone_RR_foot-Matrix-animation-transform">
          <input semantic="INPUT" source="#bone_RR_foot-Matrix-animation-input"/>
          <input semantic="OUTPUT" source="#bone_RR_foot-Matrix-animation-output-transform"/>
          <input semantic="INTERPOLATION" source="#bone_RR_foot-Interpolations"/>
        </sampler>
        <channel source="#bone_RR_foot-Matrix-animation-transform" target="bone_RR_foot/matrix"/>
      </animation>
    </animation>
    <animation id="bone_RR_cloth01-anim" name="bone_RR_cloth01">
      <animation>
        <source id="bone_RR_cloth01-Matrix-animation-input">
          <float_array id="bone_RR_cloth01-Matrix-animation-input-array" count="25">

0.000000 0.033333 0.066667 0.100000 0.133333 0.166667 0.200000 0.233333 0.266667 0.300000 0.333333 0.366667 0.400000 0.433333 0.466667 0.500000
0.533333 0.566667 0.600000 0.633333 0.666667 0.700000 0.733333 0.766667 0.800000</float_array>
          <technique_common>
            <accessor source="#bone_RR_cloth01-Matrix-animation-input-array" count="25">
              <param name="TIME" type="float"/>
            </accessor>
          </technique_common>
        </source>
        <source id="bone_RR_cloth01-Matrix-animation-output-transform">
          <float_array id="bone_RR_cloth01-Matrix-animation-output-transform-array" count="400">

-0.440913 0.887656 -0.132898 -48.499035 0.135061 -0.080766 -0.987540 74.587288 -0.887330 -0.453369 -0.084277 173.582306 0.000000 0.000000 0.000000 1.000000
-0.440990 0.887618 -0.132901 -48.497379 0.134266 -0.081167 -0.987616 74.614655 -0.887412 -0.453373 -0.083383 173.605103 0.000000 0.000000 0.000000 1.000000
-0.441206 0.887510 -0.132904 -48.492760 0.132031 -0.082290 -0.987824 74.690987 -0.887640 -0.453381 -0.080872 173.668411 0.000000 0.000000 0.000000 1.000000
-0.441542 0.887343 -0.132907 -48.485699 0.128568 -0.084028 -0.988135 74.807762 -0.887982 -0.453390 -0.076982 173.764404 0.000000 0.000000 0.000000 1.000000
-0.441978 0.887126 -0.132902 -48.476696 0.124074 -0.086277 -0.988515 74.956558 -0.888404 -0.453392 -0.071937 173.885162 0.000000 0.000000 0.000000 1.000000
-0.442501 0.886868 -0.132883 -48.466248 0.118707 -0.088948 -0.988937 75.129280 -0.888876 -0.453380 -0.065918 174.022446 0.000000 0.000000 0.000000 1.000000
-0.443087 0.886580 -0.132855 -48.454887 0.112718 -0.091924 -0.989366 75.317078 -0.889364 -0.453350 -0.059203 174.168716 0.000000 0.000000 0.000000 1.000000
-0.443717 0.886272 -0.132805 -48.443130 0.106307 -0.095092 -0.989776 75.511513 -0.889840 -0.453298 -0.052023 174.316147 0.000000 0.000000 0.000000 1.000000
-0.444364 0.885957 -0.132743 -48.431507 0.099735 -0.098329 -0.990144 75.703728 -0.890277 -0.453223 -0.044667 174.457336 0.000000 0.000000 0.000000 1.000000
-0.444999 0.885651 -0.132661 -48.420586 0.093312 -0.101474 -0.990452 75.884438 -0.890656 -0.453129 -0.037486 174.585388 0.000000 0.000000 0.000000 1.000000
-0.445583 0.885370 -0.132573 -48.410957 0.087424 -0.104346 -0.990691 76.043831 -0.890962 -0.453025 -0.030908 174.694000 0.000000 0.000000 0.000000 1.000000
-0.446069 0.885138 -0.132489 -48.403252 0.082540 -0.106717 -0.990858 76.171417 -0.891184 -0.452927 -0.025456 174.777634 0.000000 0.000000 0.000000 1.000000
-0.446401 0.884980 -0.132427 -48.398140 0.079203 -0.108333 -0.990954 76.256149 -0.891321 -0.452852 -0.021733 174.831375 0.000000 0.000000 0.000000 1.000000
-0.446524 0.884922 -0.132403 -48.396290 0.077976 -0.108927 -0.990987 76.286797 -0.891368 -0.452824 -0.020364 174.850418 0.000000 0.000000 0.000000 1.000000
-0.446513 0.884927 -0.132406 -48.397465 0.078020 -0.108908 -0.990985 76.285767 -0.891369 -0.452818 -0.020413 174.849670 0.000000 0.000000 0.000000 1.000000
-0.446466 0.884949 -0.132414 -48.400833 0.078319 -0.108766 -0.990977 76.278435 -0.891366 -0.452809 -0.020748 174.844849 0.000000 0.000000 0.000000 1.000000
-0.446362 0.884998 -0.132436 -48.406174 0.079124 -0.108384 -0.990955 76.258499 -0.891347 -0.452804 -0.021646 174.832047 0.000000 0.000000 0.000000 1.000000
-0.446181 0.885084 -0.132473 -48.413254 0.080668 -0.107647 -0.990911 76.219780 -0.891300 -0.452812 -0.023368 174.807220 0.000000 0.000000 0.000000 1.000000
-0.445906 0.885215 -0.132524 -48.421829 0.083158 -0.106448 -0.990835 76.156288 -0.891209 -0.452839 -0.026147 174.766113 0.000000 0.000000 0.000000 1.000000
-0.445524 0.885397 -0.132590 -48.431644 0.086760 -0.104704 -0.990712 76.062355 -0.891056 -0.452889 -0.030169 174.704117 0.000000 0.000000 0.000000 1.000000
-0.445027 0.885635 -0.132668 -48.442410 0.091589 -0.102357 -0.990522 75.932716 -0.890821 -0.452960 -0.035563 174.616135 0.000000 0.000000 0.000000 1.000000
-0.444415 0.885930 -0.132749 -48.453819 0.097709 -0.099365 -0.990242 75.762474 -0.890476 -0.453049 -0.042404 174.496704 0.000000 0.000000 0.000000 1.000000
-0.443689 0.886283 -0.132825 -48.465538 0.105139 -0.095711 -0.989841 75.547073 -0.889992 -0.453147 -0.050717 174.339890 0.000000 0.000000 0.000000 1.000000
-0.442858 0.886690 -0.132885 -48.477222 0.113865 -0.091390 -0.989284 75.282196 -0.889332 -0.453243 -0.060490 174.139496 0.000000 0.000000 0.000000 1.000000
-0.441927 0.887150 -0.132914 -48.488522 0.123873 -0.086396 -0.988530 74.963478 -0.888457 -0.453323 -0.071713 173.889282 0.000000 0.000000 0.000000 1.000000</float_array>
          <technique_common>
            <accessor source="#bone_RR_cloth01-Matrix-animation-output-transform-array" count="25" stride="16">
              <param type="float4x4"/>
            </accessor>
          </technique_common>
        </source>
        <source id="bone_RR_cloth01-Interpolations">
          <Name_array id="bone_RR_cloth01-Interpolations-array" count="25">
 LINEAR LINEAR LINEAR LINEAR LINEAR LINEAR LINEAR LINEAR LINEAR LINEAR LINEAR
LINEAR LINEAR LINEAR LINEAR LINEAR LINEAR LINEAR LINEAR LINEAR LINEAR LINEAR LINEAR
LINEAR LINEAR</Name_array>
          <technique_common>
            <accessor source="#bone_RR_cloth01-Interpolations-array" count="25">
              <param type="name"/>
            </accessor>
          </technique_common>
        </source>
        <sampler id="bone_RR_cloth01-Matrix-animation-transform">
          <input semantic="INPUT" source="#bone_RR_cloth01-Matrix-animation-input"/>
          <input semantic="OUTPUT" source="#bone_RR_cloth01-Matrix-animation-output-transform"/>
          <input semantic="INTERPOLATION" source="#bone_RR_cloth01-Interpolations"/>
        </sampler>
        <channel source="#bone_RR_cloth01-Matrix-animation-transform" target="bone_RR_cloth01/matrix"/>
      </animation>
    </animation>
    <animation id="bone_RR_cloth00-anim" name="bone_RR_cloth00">
      <animation>
        <source id="bone_RR_cloth00-Matrix-animation-input">
          <float_array id="bone_RR_cloth00-Matrix-animation-input-array" count="25">

0.000000 0.033333 0.066667 0.100000 0.133333 0.166667 0.200000 0.233333 0.266667 0.300000 0.333333 0.366667 0.400000 0.433333 0.466667 0.500000
0.533333 0.566667 0.600000 0.633333 0.666667 0.700000 0.733333 0.766667 0.800000</float_array>
          <technique_common>
            <accessor source="#bone_RR_cloth00-Matrix-animation-input-array" count="25">
              <param name="TIME" type="float"/>
            </accessor>
          </technique_common>
        </source>
        <source id="bone_RR_cloth00-Matrix-animation-output-transform">
          <float_array id="bone_RR_cloth00-Matrix-animation-output-transform-array" count="400">

-0.280646 0.951935 -0.122708 -68.897057 0.082401 -0.103478 -0.991213 80.835571 -0.956268 -0.288291 -0.049400 132.531937 0.000000 0.000000 0.000000 1.000000
-0.280729 0.951911 -0.122708 -68.898956 0.081545 -0.103732 -0.991257 80.826118 -0.956317 -0.288281 -0.048503 132.550919 0.000000 0.000000 0.000000 1.000000
-0.280961 0.951843 -0.122701 -68.904335 0.079140 -0.104437 -0.991378 80.799065 -0.956451 -0.288249 -0.045986 132.603683 0.000000 0.000000 0.000000 1.000000
-0.281320 0.951738 -0.122691 -68.912796 0.075414 -0.105532 -0.991552 80.755630 -0.956646 -0.288196 -0.042086 132.683884 0.000000 0.000000 0.000000 1.000000
-0.281788 0.951603 -0.122667 -68.923988 0.070581 -0.106942 -0.991757 80.696518 -0.956877 -0.288123 -0.037030 132.785110 0.000000 0.000000 0.000000 1.000000
-0.282348 0.951442 -0.122631 -68.937737 0.064813 -0.108621 -0.991968 80.620987 -0.957120 -0.288028 -0.030997 132.900528 0.000000 0.000000 0.000000 1.000000
-0.282974 0.951263 -0.122578 -68.953484 0.058378 -0.110483 -0.992162 80.531670 -0.957349 -0.287912 -0.024269 133.024231 0.000000 0.000000 0.000000 1.000000
-0.283646 0.951072 -0.122506 -68.970840 0.051496 -0.112462 -0.992321 80.429543 -0.957545 -0.287777 -0.017077 133.149658 0.000000 0.000000 0.000000 1.000000
-0.284336 0.950877 -0.122417 -68.989174 0.044444 -0.114477 -0.992432 80.317688 -0.957694 -0.287625 -0.009711 133.270615 0.000000 0.000000 0.000000 1.000000
-0.285012 0.950688 -0.122308 -69.007637 0.037557 -0.116427 -0.992489 80.201271 -0.957788 -0.287465 -0.002522 133.381119 0.000000 0.000000 0.000000 1.000000
-0.285633 0.950516 -0.122200 -69.025024 0.031248 -0.118207 -0.992497 80.088272 -0.957829 -0.287309 0.004062 133.475616 0.000000 0.000000 0.000000 1.000000
-0.286149 0.950374 -0.122097 -69.039795 0.026017 -0.119672 -0.992473 79.989899 -0.957832 -0.287172 0.009518 133.548950 0.000000 0.000000 0.000000 1.000000
-0.286502 0.950278 -0.122022 -69.050056 0.022445 -0.120669 -0.992439 79.920250 -0.957817 -0.287075 0.013243 133.596359 0.000000 0.000000 0.000000 1.000000
-0.286632 0.950242 -0.121990 -69.053871 0.021131 -0.121032 -0.992423 79.894135 -0.957808 -0.287038 0.014612 133.613251 0.000000 0.000000 0.000000 1.000000
-0.286620 0.950245 -0.121995 -69.054543 0.021178 -0.121022 -0.992424 79.895126 -0.957810 -0.287032 0.014563 133.612427 0.000000 0.000000 0.000000 1.000000
-0.286571 0.950259 -0.122008 -69.055756 0.021498 -0.120939 -0.992427 79.901672 -0.957818 -0.287024 0.014229 133.607742 0.000000 0.000000 0.000000 1.000000
-0.286461 0.950289 -0.122033 -69.056274 0.022358 -0.120706 -0.992437 79.918968 -0.957831 -0.287023 0.013331 133.595810 0.000000 0.000000 0.000000 1.000000
-0.286268 0.950341 -0.122076 -69.054977 0.024010 -0.120253 -0.992453 79.951675 -0.957849 -0.287039 0.011607 133.573196 0.000000 0.000000 0.000000 1.000000
-0.285976 0.950421 -0.122137 -69.050812 0.026674 -0.119515 -0.992474 80.003387 -0.957865 -0.287082 0.008827 133.536301 0.000000 0.000000 0.000000 1.000000
-0.285570 0.950532 -0.122220 -69.042953 0.030530 -0.118443 -0.992491 80.076088 -0.957871 -0.287157 0.004804 133.481339 0.000000 0.000000 0.000000 1.000000
-0.285043 0.950678 -0.122315 -69.030754 0.035703 -0.116989 -0.992491 80.169846 -0.957850 -0.287270 -0.000595 133.404251 0.000000 0.000000 0.000000 1.000000
-0.284391 0.950860 -0.122424 -69.013832 0.042264 -0.115138 -0.992450 80.282722 -0.957776 -0.287418 -0.007443 133.300751 0.000000 0.000000 0.000000 1.000000
-0.283618 0.951077 -0.122529 -68.991989 0.050235 -0.112864 -0.992340 80.411057 -0.957621 -0.287600 -0.015767 133.166367 0.000000 0.000000 0.000000 1.000000
-0.282730 0.951330 -0.122615 -68.965195 0.059604 -0.110159 -0.992125 80.549873 -0.957346 -0.287812 -0.025558 132.996490 0.000000 0.000000 0.000000 1.000000
-0.281734 0.951617 -0.122681 -68.933426 0.070361 -0.107025 -0.991763 80.694138 -0.956909 -0.288045 -0.036804 132.786743 0.000000 0.000000 0.000000 1.000000</float_array>
          <technique_common>
            <accessor source="#bone_RR_cloth00-Matrix-animation-output-transform-array" count="25" stride="16">
              <param type="float4x4"/>
            </accessor>
          </technique_common>
        </source>
        <source id="bone_RR_cloth00-Interpolations">
          <Name_array id="bone_RR_cloth00-Interpolations-array" count="25">
 LINEAR LINEAR LINEAR LINEAR LINEAR LINEAR LINEAR LINEAR LINEAR LINEAR LINEAR
LINEAR LINEAR LINEAR LINEAR LINEAR LINEAR LINEAR LINEAR LINEAR LINEAR LINEAR LINEAR
LINEAR LINEAR</Name_array>
          <technique_common>
            <accessor source="#bone_RR_cloth00-Interpolations-array" count="25">
              <param type="name"/>
            </accessor>
          </technique_common>
        </source>
        <sampler id="bone_RR_cloth00-Matrix-animation-transform">
          <input semantic="INPUT" source="#bone_RR_cloth00-Matrix-animation-input"/>
          <input semantic="OUTPUT" source="#bone_RR_cloth00-Matrix-animation-output-transform"/>
          <input semantic="INTERPOLATION" source="#bone_RR_cloth00-Interpolations"/>
        </sampler>
        <channel source="#bone_RR_cloth00-Matrix-animation-transform" target="bone_RR_cloth00/matrix"/>
      </animation>
    </animation>
    <animation id="bone_tail03-anim" name="bone_tail03">
      <animation>
        <source id="bone_tail03-Matrix-animation-input">
          <float_array id="bone_tail03-Matrix-animation-input-array" count="25">

0.000000 0.033333 0.066667 0.100000 0.133333 0.166667 0.200000 0.233333 0.266667 0.300000 0.333333 0.366667 0.400000 0.433333 0.466667 0.500000
0.533333 0.566667 0.600000 0.633333 0.666667 0.700000 0.733333 0.766667 0.800000</float_array>
          <technique_common>
            <accessor source="#bone_tail03-Matrix-animation-input-array" count="25">
              <param name="TIME" type="float"/>
            </accessor>
          </technique_common>
        </source>
        <source id="bone_tail03-Matrix-animation-output-transform">
          <float_array id="bone_tail03-Matrix-animation-output-transform-array" count="400">

0.101708 -0.090714 -0.990670 4.785397 0.911177 0.408169 0.056171 102.507133 0.399265 -0.908388 0.124171 185.681747 0.000000 0.000000 0.000000 1.000000
0.101708 -0.090714 -0.990670 4.786340 0.911177 0.408169 0.056171 102.526596 0.399265 -0.908388 0.124171 185.710480 0.000000 0.000000 0.000000 1.000000
0.101708 -0.090714 -0.990670 4.788963 0.911177 0.408169 0.056171 102.580772 0.399265 -0.908388 0.124171 185.790436 0.000000 0.000000 0.000000 1.000000
0.101708 -0.090714 -0.990670 4.792962 0.911177 0.408169 0.056171 102.663361 0.399265 -0.908388 0.124171 185.912308 0.000000 0.000000 0.000000 1.000000
0.101708 -0.090714 -0.990670 4.798031 0.911177 0.408169 0.056171 102.768036 0.399265 -0.908388 0.124171 186.066788 0.000000 0.000000 0.000000 1.000000
0.101708 -0.090714 -0.990670 4.803864 0.911177 0.408169 0.056171 102.888489 0.399265 -0.908388 0.124171 186.244553 0.000000 0.000000 0.000000 1.000000
0.101708 -0.090714 -0.990670 4.810155 0.911177 0.408169 0.056171 103.018417 0.399265 -0.908388 0.124171 186.436295 0.000000 0.000000 0.000000 1.000000
0.101708 -0.090714 -0.990670 4.816600 0.911177 0.408169 0.056171 103.151497 0.399265 -0.908388 0.124171 186.632690 0.000000 0.000000 0.000000 1.000000
0.101708 -0.090714 -0.990670 4.822891 0.911177 0.408169 0.056171 103.281425 0.399265 -0.908388 0.124171 186.824432 0.000000 0.000000 0.000000 1.000000
0.101708 -0.090714 -0.990670 4.828724 0.911177 0.408169 0.056171 103.401886 0.399265 -0.908388 0.124171 187.002197 0.000000 0.000000 0.000000 1.000000
0.101708 -0.090714 -0.990670 4.833793 0.911177 0.408169 0.056171 103.506561 0.399265 -0.908388 0.124171 187.156677 0.000000 0.000000 0.000000 1.000000
0.101708 -0.090714 -0.990670 4.837792 0.911177 0.408169 0.056171 103.589149 0.399265 -0.908388 0.124171 187.278564 0.000000 0.000000 0.000000 1.000000
0.101708 -0.090714 -0.990670 4.840416 0.911177 0.408169 0.056171 103.643326 0.399265 -0.908388 0.124171 187.358521 0.000000 0.000000 0.000000 1.000000
0.101708 -0.090714 -0.990670 4.841358 0.911177 0.408169 0.056171 103.662788 0.399265 -0.908388 0.124171 187.387238 0.000000 0.000000 0.000000 1.000000
0.101708 -0.090714 -0.990670 4.840257 0.911177 0.408169 0.056171 103.662163 0.399265 -0.908388 0.124171 187.386185 0.000000 0.000000 0.000000 1.000000
0.101708 -0.090714 -0.990670 4.837213 0.911177 0.408169 0.056171 103.657600 0.399265 -0.908388 0.124171 187.379105 0.000000 0.000000 0.000000 1.000000
