<?xml version="1.0" encoding="utf-8"?>
<COLLADA xmlns="http://www.collada.org/2005/11/COLLADASchema" version="1.4.1">
  <asset>
    <contributor>
      <author/>
      <authoring_tool>FBX COLLADA exporter</authoring_tool>
      <comments/>
    </contributor>
    <created>2025-03-21T08:22:23Z</created>
    <keywords/>
    <modified>2025-03-21T08:22:23Z</modified>
    <revision/>
    <subject/>
    <title/>
    <unit meter="0.010000" name="centimeter"/>
    <up_axis>Y_UP</up_axis>
  </asset>
  <library_animations>
    <animation id="Root-anim" name="Root">
      <animation>
        <source id="Root-Matrix-animation-input">
          <float_array id="Root-Matrix-animation-input-array" count="41">

0.000000 0.033333 0.066667 0.100000 0.133333 0.166667 0.200000 0.233333 0.266667 0.300000 0.333333 0.366667 0.400000 0.433333 0.466667 0.500000
0.533333 0.566667 0.600000 0.633333 0.666667 0.700000 0.733333 0.766667 0.800000 0.833333 0.866667 0.900000 0.933333 0.966667 1.000000 1.033333
1.066667 1.100000 1.133333 1.166667 1.200000 1.233333 1.266667 1.300000 1.333333</float_array>
          <technique_common>
            <accessor source="#Root-Matrix-animation-input-array" count="41">
              <param name="TIME" type="float"/>
            </accessor>
          </technique_common>
        </source>
        <source id="Root-Matrix-animation-output-transform">
          <float_array id="Root-Matrix-animation-output-transform-array" count="656">

1.000000 0.000000 0.000000 0.000000 0.000000 0.000000 1.000000 0.000000 0.000000 -1.000000 0.000000 0.000000 0.000000 0.000000 0.000000 1.000000
1.000000 0.000000 0.000000 0.000000 0.000000 0.000000 1.000000 0.000000 0.000000 -1.000000 0.000000 0.000000 0.000000 0.000000 0.000000 1.000000
1.000000 0.000000 0.000000 0.000000 0.000000 0.000000 1.000000 0.000000 0.000000 -1.000000 0.000000 0.000000 0.000000 0.000000 0.000000 1.000000
1.000000 0.000000 0.000000 0.000000 0.000000 0.000000 1.000000 0.000000 0.000000 -1.000000 0.000000 0.000000 0.000000 0.000000 0.000000 1.000000
1.000000 0.000000 0.000000 0.000000 0.000000 0.000000 1.000000 0.000000 0.000000 -1.000000 0.000000 0.000000 0.000000 0.000000 0.000000 1.000000
1.000000 0.000000 0.000000 0.000000 0.000000 0.000000 1.000000 0.000000 0.000000 -1.000000 0.000000 0.000000 0.000000 0.000000 0.000000 1.000000
1.000000 0.000000 0.000000 0.000000 0.000000 0.000000 1.000000 0.000000 0.000000 -1.000000 0.000000 0.000000 0.000000 0.000000 0.000000 1.000000
1.000000 0.000000 0.000000 0.000000 0.000000 0.000000 1.000000 0.000000 0.000000 -1.000000 0.000000 0.000000 0.000000 0.000000 0.000000 1.000000
1.000000 0.000000 0.000000 0.000000 0.000000 0.000000 1.000000 0.000000 0.000000 -1.000000 0.000000 0.000000 0.000000 0.000000 0.000000 1.000000
1.000000 0.000000 0.000000 0.000000 0.000000 0.000000 1.000000 0.000000 0.000000 -1.000000 0.000000 0.000000 0.000000 0.000000 0.000000 1.000000
1.000000 0.000000 0.000000 0.000000 0.000000 0.000000 1.000000 0.000000 0.000000 -1.000000 0.000000 0.000000 0.000000 0.000000 0.000000 1.000000
1.000000 0.000000 0.000000 0.000000 0.000000 0.000000 1.000000 0.000000 0.000000 -1.000000 0.000000 0.000000 0.000000 0.000000 0.000000 1.000000
1.000000 0.000000 0.000000 0.000000 0.000000 0.000000 1.000000 0.000000 0.000000 -1.000000 0.000000 0.000000 0.000000 0.000000 0.000000 1.000000
1.000000 0.000000 0.000000 0.000000 0.000000 0.000000 1.000000 0.000000 0.000000 -1.000000 0.000000 0.000000 0.000000 0.000000 0.000000 1.000000
1.000000 0.000000 0.000000 0.000000 0.000000 0.000000 1.000000 0.000000 0.000000 -1.000000 0.000000 0.000000 0.000000 0.000000 0.000000 1.000000
1.000000 0.000000 0.000000 0.000000 0.000000 0.000000 1.000000 0.000000 0.000000 -1.000000 0.000000 0.000000 0.000000 0.000000 0.000000 1.000000
1.000000 0.000000 0.000000 0.000000 0.000000 0.000000 1.000000 0.000000 0.000000 -1.000000 0.000000 0.000000 0.000000 0.000000 0.000000 1.000000
1.000000 0.000000 0.000000 0.000000 0.000000 0.000000 1.000000 0.000000 0.000000 -1.000000 0.000000 0.000000 0.000000 0.000000 0.000000 1.000000
1.000000 0.000000 0.000000 0.000000 0.000000 0.000000 1.000000 0.000000 0.000000 -1.000000 0.000000 0.000000 0.000000 0.000000 0.000000 1.000000
1.000000 0.000000 0.000000 0.000000 0.000000 0.000000 1.000000 0.000000 0.000000 -1.000000 0.000000 0.000000 0.000000 0.000000 0.000000 1.000000
1.000000 0.000000 0.000000 0.000000 0.000000 0.000000 1.000000 0.000000 0.000000 -1.000000 0.000000 0.000000 0.000000 0.000000 0.000000 1.000000
1.000000 0.000000 0.000000 0.000000 0.000000 0.000000 1.000000 0.000000 0.000000 -1.000000 0.000000 0.000000 0.000000 0.000000 0.000000 1.000000
1.000000 0.000000 0.000000 0.000000 0.000000 0.000000 1.000000 0.000000 0.000000 -1.000000 0.000000 0.000000 0.000000 0.000000 0.000000 1.000000
1.000000 0.000000 0.000000 0.000000 0.000000 0.000000 1.000000 0.000000 0.000000 -1.000000 0.000000 0.000000 0.000000 0.000000 0.000000 1.000000
1.000000 0.000000 0.000000 0.000000 0.000000 0.000000 1.000000 0.000000 0.000000 -1.000000 0.000000 0.000000 0.000000 0.000000 0.000000 1.000000
1.000000 0.000000 0.000000 0.000000 0.000000 0.000000 1.000000 0.000000 0.000000 -1.000000 0.000000 0.000000 0.000000 0.000000 0.000000 1.000000
1.000000 0.000000 0.000000 0.000000 0.000000 0.000000 1.000000 0.000000 0.000000 -1.000000 0.000000 0.000000 0.000000 0.000000 0.000000 1.000000
1.000000 0.000000 0.000000 0.000000 0.000000 0.000000 1.000000 0.000000 0.000000 -1.000000 0.000000 0.000000 0.000000 0.000000 0.000000 1.000000
1.000000 0.000000 0.000000 0.000000 0.000000 0.000000 1.000000 0.000000 0.000000 -1.000000 0.000000 0.000000 0.000000 0.000000 0.000000 1.000000
1.000000 0.000000 0.000000 0.000000 0.000000 0.000000 1.000000 0.000000 0.000000 -1.000000 0.000000 0.000000 0.000000 0.000000 0.000000 1.000000
1.000000 0.000000 0.000000 0.000000 0.000000 0.000000 1.000000 0.000000 0.000000 -1.000000 0.000000 0.000000 0.000000 0.000000 0.000000 1.000000
1.000000 0.000000 0.000000 0.000000 0.000000 0.000000 1.000000 0.000000 0.000000 -1.000000 0.000000 0.000000 0.000000 0.000000 0.000000 1.000000
1.000000 0.000000 0.000000 0.000000 0.000000 0.000000 1.000000 0.000000 0.000000 -1.000000 0.000000 0.000000 0.000000 0.000000 0.000000 1.000000
1.000000 0.000000 0.000000 0.000000 0.000000 0.000000 1.000000 0.000000 0.000000 -1.000000 0.000000 0.000000 0.000000 0.000000 0.000000 1.000000
1.000000 0.000000 0.000000 0.000000 0.000000 0.000000 1.000000 0.000000 0.000000 -1.000000 0.000000 0.000000 0.000000 0.000000 0.000000 1.000000
1.000000 0.000000 0.000000 0.000000 0.000000 0.000000 1.000000 0.000000 0.000000 -1.000000 0.000000 0.000000 0.000000 0.000000 0.000000 1.000000
1.000000 0.000000 0.000000 0.000000 0.000000 0.000000 1.000000 0.000000 0.000000 -1.000000 0.000000 0.000000 0.000000 0.000000 0.000000 1.000000
1.000000 0.000000 0.000000 0.000000 0.000000 0.000000 1.000000 0.000000 0.000000 -1.000000 0.000000 0.000000 0.000000 0.000000 0.000000 1.000000
1.000000 0.000000 0.000000 0.000000 0.000000 0.000000 1.000000 0.000000 0.000000 -1.000000 0.000000 0.000000 0.000000 0.000000 0.000000 1.000000
1.000000 0.000000 0.000000 0.000000 0.000000 0.000000 1.000000 0.000000 0.000000 -1.000000 0.000000 0.000000 0.000000 0.000000 0.000000 1.000000
1.000000 0.000000 0.000000 0.000000 0.000000 0.000000 1.000000 0.000000 0.000000 -1.000000 0.000000 0.000000 0.000000 0.000000 0.000000 1.000000</float_array>
          <technique_common>
            <accessor source="#Root-Matrix-animation-output-transform-array" count="41" stride="16">
              <param type="float4x4"/>
            </accessor>
          </technique_common>
        </source>
        <source id="Root-Interpolations">
          <Name_array id="Root-Interpolations-array" count="41">
 LINEAR LINEAR LINEAR LINEAR LINEAR LINEAR LINEAR LINEAR LINEAR LINEAR LINEAR
LINEAR LINEAR LINEAR LINEAR LINEAR LINEAR LINEAR LINEAR LINEAR LINEAR LINEAR LINEAR
LINEAR LINEAR LINEAR LINEAR LINEAR LINEAR LINEAR LINEAR LINEAR LINEAR LINEAR LINEAR
LINEAR LINEAR LINEAR LINEAR LINEAR LINEAR</Name_array>
          <technique_common>
            <accessor source="#Root-Interpolations-array" count="41">
              <param type="name"/>
            </accessor>
          </technique_common>
        </source>
        <sampler id="Root-Matrix-animation-transform">
          <input semantic="INPUT" source="#Root-Matrix-animation-input"/>
          <input semantic="OUTPUT" source="#Root-Matrix-animation-output-transform"/>
          <input semantic="INTERPOLATION" source="#Root-Interpolations"/>
        </sampler>
        <channel source="#Root-Matrix-animation-transform" target="Root/matrix"/>
      </animation>
    </animation>
    <animation id="bone_horse_hip-anim" name="bone_horse_hip">
      <animation>
        <source id="bone_horse_hip-Matrix-animation-input">
          <float_array id="bone_horse_hip-Matrix-animation-input-array" count="41">

0.000000 0.033333 0.066667 0.100000 0.133333 0.166667 0.200000 0.233333 0.266667 0.300000 0.333333 0.366667 0.400000 0.433333 0.466667 0.500000
0.533333 0.566667 0.600000 0.633333 0.666667 0.700000 0.733333 0.766667 0.800000 0.833333 0.866667 0.900000 0.933333 0.966667 1.000000 1.033333
1.066667 1.100000 1.133333 1.166667 1.200000 1.233333 1.266667 1.300000 1.333333</float_array>
          <technique_common>
            <accessor source="#bone_horse_hip-Matrix-animation-input-array" count="41">
              <param name="TIME" type="float"/>
            </accessor>
          </technique_common>
        </source>
        <source id="bone_horse_hip-Matrix-animation-output-transform">
          <float_array id="bone_horse_hip-Matrix-animation-output-transform-array" count="656">

-0.020337 -0.134759 0.990670 -0.467123 -0.961848 -0.267758 -0.056168 65.945930 0.272829 -0.954016 -0.124172 162.176636 0.000000 0.000000 0.000000 1.000000
-0.020337 -0.134759 0.990670 -0.277957 -0.961848 -0.267758 -0.056168 67.558411 0.272829 -0.954016 -0.124172 161.783295 0.000000 0.000000 0.000000 1.000000
-0.020337 -0.134759 0.990670 0.214839 -0.961848 -0.267758 -0.056168 71.759064 0.272829 -0.954016 -0.124172 160.744797 0.000000 0.000000 0.000000 1.000000
-0.020337 -0.134759 0.990670 0.899211 -0.961848 -0.267758 -0.056168 77.592735 0.272829 -0.954016 -0.124172 159.273438 0.000000 0.000000 0.000000 1.000000
-0.020337 -0.134759 0.990670 1.663105 -0.961848 -0.267758 -0.056168 84.104271 0.272829 -0.954016 -0.124172 157.581497 0.000000 0.000000 0.000000 1.000000
-0.020337 -0.134759 0.990670 2.394468 -0.961848 -0.267758 -0.056168 90.338493 0.272829 -0.954016 -0.124172 155.881241 0.000000 0.000000 0.000000 1.000000
-0.020337 -0.134759 0.990670 2.981245 -0.961848 -0.267758 -0.056168 95.340256 0.272829 -0.954016 -0.124172 154.384979 0.000000 0.000000 0.000000 1.000000
-0.020337 -0.134759 0.990670 3.311382 -0.961848 -0.267758 -0.056168 98.154388 0.272829 -0.954016 -0.124172 153.304993 0.000000 0.000000 0.000000 1.000000
-0.020337 -0.134759 0.990670 3.456146 -0.961848 -0.267758 -0.056168 99.388374 0.272829 -0.954016 -0.124172 152.685501 0.000000 0.000000 0.000000 1.000000
-0.020337 -0.134759 0.990670 3.564934 -0.961848 -0.267758 -0.056168 100.315697 0.272829 -0.954016 -0.124172 152.354614 0.000000 0.000000 0.000000 1.000000
-0.020337 -0.134759 0.990670 3.642884 -0.961848 -0.267758 -0.056168 100.980156 0.272829 -0.954016 -0.124172 152.200363 0.000000 0.000000 0.000000 1.000000
-0.020337 -0.134759 0.990670 3.695136 -0.961848 -0.267758 -0.056168 101.425560 0.272829 -0.954016 -0.124172 152.110794 0.000000 0.000000 0.000000 1.000000
-0.020337 -0.134759 0.990670 3.726830 -0.961848 -0.267758 -0.056168 101.695724 0.272829 -0.954016 -0.124172 151.973938 0.000000 0.000000 0.000000 1.000000
-0.020337 -0.134759 0.990670 3.743105 -0.961848 -0.267758 -0.056168 101.834457 0.272829 -0.954016 -0.124172 151.677856 0.000000 0.000000 0.000000 1.000000
-0.020337 -0.134759 0.990670 3.749102 -0.961848 -0.267758 -0.056168 101.885567 0.272829 -0.954016 -0.124172 151.110580 0.000000 0.000000 0.000000 1.000000
-0.020337 -0.134759 0.990670 3.749958 -0.961848 -0.267758 -0.056168 101.892868 0.272829 -0.954016 -0.124172 150.160172 0.000000 0.000000 0.000000 1.000000
-0.022166 -0.134470 0.990670 3.749958 -0.965397 -0.254662 -0.056168 28.969147 0.259839 -0.957635 -0.124172 118.991562 0.000000 0.000000 0.000000 1.000000
-0.024608 -0.134045 0.990670 3.749958 -0.969869 -0.237063 -0.056168 50.752018 0.242380 -0.962202 -0.124172 134.378448 0.000000 0.000000 0.000000 1.000000
-0.025891 -0.133803 0.990670 3.749958 -0.972096 -0.227761 -0.056168 48.017216 0.233152 -0.964480 -0.124172 133.707245 0.000000 0.000000 0.000000 1.000000
-0.027216 -0.133540 0.990670 3.749958 -0.974305 -0.218116 -0.056168 46.057636 0.223582 -0.966743 -0.124172 133.226303 0.000000 0.000000 0.000000 1.000000
-0.028495 -0.133273 0.990670 3.749958 -0.976351 -0.208769 -0.056168 44.744068 0.214307 -0.968841 -0.124172 132.903915 0.000000 0.000000 0.000000 1.000000
-0.029640 -0.133023 0.990670 3.749958 -0.978110 -0.200367 -0.056168 43.947315 0.205969 -0.970648 -0.124172 132.708374 0.000000 0.000000 0.000000 1.000000
-0.030564 -0.132814 0.990670 3.749958 -0.979480 -0.193558 -0.056168 43.538170 0.199212 -0.972057 -0.124172 132.607956 0.000000 0.000000 0.000000 1.000000
-0.031182 -0.132670 0.990670 3.749958 -0.980370 -0.188996 -0.056168 43.387432 0.194684 -0.972974 -0.124172 132.570969 0.000000 0.000000 0.000000 1.000000
-0.031407 -0.132617 0.990670 3.749958 -0.980690 -0.187331 -0.056168 43.365898 0.193032 -0.973304 -0.124172 132.565674 0.000000 0.000000 0.000000 1.000000
-0.031152 -0.132677 0.990670 3.651739 -0.980327 -0.189221 -0.056168 43.891808 0.194908 -0.972930 -0.124172 133.255341 0.000000 0.000000 0.000000 1.000000
-0.030450 -0.132840 0.990670 3.382429 -0.979313 -0.194399 -0.056168 45.333805 0.200047 -0.971886 -0.124172 135.146347 0.000000 0.000000 0.000000 1.000000
-0.029400 -0.133076 0.990670 2.980048 -0.977747 -0.202127 -0.056168 47.488323 0.207715 -0.970276 -0.124172 137.971741 0.000000 0.000000 0.000000 1.000000
-0.028100 -0.133357 0.990670 2.482616 -0.975728 -0.211661 -0.056168 50.151783 0.217177 -0.968202 -0.124172 141.464539 0.000000 0.000000 0.000000 1.000000
-0.026647 -0.133655 0.990670 1.928154 -0.973367 -0.222266 -0.056168 53.120609 0.227699 -0.965782 -0.124172 145.357788 0.000000 0.000000 0.000000 1.000000
-0.025141 -0.133946 0.990670 1.354681 -0.970804 -0.233206 -0.056168 56.191223 0.238554 -0.963158 -0.124172 149.384521 0.000000 0.000000 0.000000 1.000000
-0.023682 -0.134212 0.990670 0.800219 -0.968209 -0.243755 -0.056168 59.160046 0.249019 -0.960505 -0.124172 153.277771 0.000000 0.000000 0.000000 1.000000
-0.022371 -0.134436 0.990670 0.302787 -0.965783 -0.253195 -0.056168 61.823505 0.258384 -0.958029 -0.124172 156.770584 0.000000 0.000000 0.000000 1.000000
-0.021308 -0.134609 0.990670 -0.099594 -0.963754 -0.260814 -0.056168 63.978024 0.265941 -0.955959 -0.124172 159.595963 0.000000 0.000000 0.000000 1.000000
-0.020597 -0.134720 0.990670 -0.368904 -0.962362 -0.265904 -0.056168 65.420021 0.270989 -0.954540 -0.124172 161.486969 0.000000 0.000000 0.000000 1.000000
-0.020337 -0.134759 0.990670 -0.467123 -0.961848 -0.267758 -0.056168 65.945930 0.272829 -0.954016 -0.124172 162.176636 0.000000 0.000000 0.000000 1.000000
-0.020337 -0.134759 0.990670 -0.467123 -0.961848 -0.267758 -0.056168 65.945930 0.272829 -0.954016 -0.124172 162.176636 0.000000 0.000000 0.000000 1.000000
-0.020337 -0.134759 0.990670 -0.467123 -0.961848 -0.267758 -0.056168 65.945930 0.272829 -0.954016 -0.124172 162.176636 0.000000 0.000000 0.000000 1.000000
-0.020337 -0.134759 0.990670 -0.467123 -0.961848 -0.267758 -0.056168 65.945930 0.272829 -0.954016 -0.124172 162.176636 0.000000 0.000000 0.000000 1.000000
-0.020337 -0.134759 0.990670 -0.467123 -0.961848 -0.267758 -0.056168 65.945930 0.272829 -0.954016 -0.124172 162.176636 0.000000 0.000000 0.000000 1.000000
-0.020337 -0.134759 0.990670 -0.467123 -0.961848 -0.267758 -0.056168 65.945930 0.272829 -0.954016 -0.124172 162.176636 0.000000 0.000000 0.000000 1.000000</float_array>
          <technique_common>
            <accessor source="#bone_horse_hip-Matrix-animation-output-transform-array" count="41" stride="16">
              <param type="float4x4"/>
            </accessor>
          </technique_common>
        </source>
        <source id="bone_horse_hip-Interpolations">
          <Name_array id="bone_horse_hip-Interpolations-array" count="41">
 LINEAR LINEAR LINEAR LINEAR LINEAR LINEAR LINEAR LINEAR LINEAR LINEAR LINEAR
LINEAR LINEAR LINEAR LINEAR LINEAR LINEAR LINEAR LINEAR LINEAR LINEAR LINEAR LINEAR
LINEAR LINEAR LINEAR LINEAR LINEAR LINEAR LINEAR LINEAR LINEAR LINEAR LINEAR LINEAR
LINEAR LINEAR LINEAR LINEAR LINEAR LINEAR</Name_array>
          <technique_common>
            <accessor source="#bone_horse_hip-Interpolations-array" count="41">
              <param type="name"/>
            </accessor>
          </technique_common>
        </source>
        <sampler id="bone_horse_hip-Matrix-animation-transform">
          <input semantic="INPUT" source="#bone_horse_hip-Matrix-animation-input"/>
          <input semantic="OUTPUT" source="#bone_horse_hip-Matrix-animation-output-transform"/>
          <input semantic="INTERPOLATION" source="#bone_horse_hip-Interpolations"/>
        </sampler>
        <channel source="#bone_horse_hip-Matrix-animation-transform" target="bone_horse_hip/matrix"/>
      </animation>
    </animation>
    <animation id="bone_RR_thight-anim" name="bone_RR_thight">
      <animation>
        <source id="bone_RR_thight-Matrix-animation-input">
          <float_array id="bone_RR_thight-Matrix-animation-input-array" count="41">

0.000000 0.033333 0.066667 0.100000 0.133333 0.166667 0.200000 0.233333 0.266667 0.300000 0.333333 0.366667 0.400000 0.433333 0.466667 0.500000
0.533333 0.566667 0.600000 0.633333 0.666667 0.700000 0.733333 0.766667 0.800000 0.833333 0.866667 0.900000 0.933333 0.966667 1.000000 1.033333
1.066667 1.100000 1.133333 1.166667 1.200000 1.233333 1.266667 1.300000 1.333333</float_array>
          <technique_common>
            <accessor source="#bone_RR_thight-Matrix-animation-input-array" count="41">
              <param name="TIME" type="float"/>
            </accessor>
          </technique_common>
        </source>
        <source id="bone_RR_thight-Matrix-animation-output-transform">
          <float_array id="bone_RR_thight-Matrix-animation-output-transform-array" count="656">

-0.002660 0.111061 0.993810 -34.367474 0.378697 0.919906 -0.101789 67.867950 -0.925517 0.376082 -0.044506 166.425766 0.000000 0.000000 0.000000 1.000000
-0.001199 0.111166 0.993801 -34.178310 0.399521 0.911095 -0.101432 69.480423 -0.916723 0.396923 -0.045506 166.032440 0.000000 0.000000 0.000000 1.000000
0.000685 0.111437 0.993771 -33.685513 0.437551 0.893559 -0.100501 73.681084 -0.899193 0.434895 -0.048147 164.993942 0.000000 0.000000 0.000000 1.000000
0.001371 0.111954 0.993712 -33.001141 0.474369 0.874719 -0.099203 79.514755 -0.880325 0.471523 -0.051908 163.522583 0.000000 0.000000 0.000000 1.000000
0.000911 0.112764 0.993621 -32.237247 0.505683 0.857165 -0.097741 86.026291 -0.862719 0.502546 -0.056242 161.830627 0.000000 0.000000 0.000000 1.000000
-0.000207 0.113749 0.993510 -31.505884 0.530679 0.842085 -0.096301 92.260513 -0.847573 0.527214 -0.060538 160.130386 0.000000 0.000000 0.000000 1.000000
-0.001363 0.114638 0.993406 -30.919107 0.549389 0.830144 -0.095044 97.262276 -0.835566 0.545637 -0.064113 158.634125 0.000000 0.000000 0.000000 1.000000
-0.001907 0.115057 0.993357 -30.588970 0.561891 0.821840 -0.094112 100.076408 -0.827209 0.557979 -0.066217 157.554123 0.000000 0.000000 0.000000 1.000000
-0.002043 0.115163 0.993344 -30.444206 0.568875 0.817085 -0.093559 101.310394 -0.822421 0.564898 -0.067183 156.934647 0.000000 0.000000 0.000000 1.000000
-0.002301 0.115342 0.993323 -30.335419 0.572314 0.814713 -0.093276 102.237717 -0.820032 0.568278 -0.067887 156.603760 0.000000 0.000000 0.000000 1.000000
-0.002573 0.115529 0.993301 -30.257467 0.573729 0.813730 -0.093157 102.902168 -0.819041 0.569646 -0.068376 156.449493 0.000000 0.000000 0.000000 1.000000
-0.002769 0.115665 0.993284 -30.205215 0.574500 0.813193 -0.093092 103.347580 -0.818500 0.570384 -0.068701 156.359924 0.000000 0.000000 0.000000 1.000000
-0.002812 0.115694 0.993281 -30.173521 0.575951 0.812180 -0.092970 103.617737 -0.817479 0.571820 -0.068918 156.223083 0.000000 0.000000 0.000000 1.000000
-0.002626 0.115562 0.993297 -30.157246 0.579367 0.809781 -0.092680 103.756470 -0.815063 0.575240 -0.069079 155.927002 0.000000 0.000000 0.000000 1.000000
-0.002154 0.115214 0.993338 -30.151251 0.585940 0.805102 -0.092111 103.807587 -0.810352 0.581838 -0.069242 155.359726 0.000000 0.000000 0.000000 1.000000
-0.001367 0.114586 0.993412 -30.150394 0.596678 0.797288 -0.091143 103.814888 -0.802479 0.592623 -0.069461 154.409317 0.000000 0.000000 0.000000 1.000000
-0.033795 0.034981 0.998816 -30.150393 0.833946 0.551775 0.008892 30.891167 -0.550811 0.833259 -0.047820 123.240700 0.000000 0.000000 0.000000 1.000000
-0.023306 0.073495 0.997023 -30.150393 0.768529 0.639151 -0.029150 52.674042 -0.639390 0.765562 -0.071379 138.627594 0.000000 0.000000 0.000000 1.000000
-0.025232 0.070314 0.997206 -30.150393 0.765173 0.643300 -0.025999 49.939240 -0.643330 0.762379 -0.070034 137.956390 0.000000 0.000000 0.000000 1.000000
-0.026679 0.067926 0.997334 -30.150393 0.761241 0.648034 -0.023773 47.979656 -0.647921 0.758577 -0.068997 137.475449 0.000000 0.000000 0.000000 1.000000
-0.027691 0.066264 0.997418 -30.150393 0.757683 0.652241 -0.022296 46.666092 -0.652035 0.755109 -0.068269 137.153061 0.000000 0.000000 0.000000 1.000000
-0.028327 0.065228 0.997468 -30.150393 0.755082 0.655281 -0.021407 45.869339 -0.655018 0.752564 -0.067815 136.957520 0.000000 0.000000 0.000000 1.000000
-0.028661 0.064686 0.997494 -30.150393 0.753595 0.657005 -0.020953 45.460197 -0.656714 0.751106 -0.067578 136.857101 0.000000 0.000000 0.000000 1.000000
-0.028786 0.064485 0.997503 -30.150393 0.753018 0.657671 -0.020786 45.309460 -0.657370 0.750540 -0.067490 136.820114 0.000000 0.000000 0.000000 1.000000
-0.028804 0.064456 0.997505 -30.150393 0.752935 0.657768 -0.020762 45.287926 -0.657465 0.750458 -0.067477 136.814819 0.000000 0.000000 0.000000 1.000000
-0.027677 0.066003 0.997435 -30.248611 0.750128 0.660895 -0.022919 45.813831 -0.660713 0.747570 -0.067802 137.504486 0.000000 0.000000 0.000000 1.000000
-0.024838 0.069891 0.997245 -30.517921 0.739840 0.672172 -0.028682 47.255833 -0.672325 0.737089 -0.068404 139.395493 0.000000 0.000000 0.000000 1.000000
-0.021180 0.075002 0.996958 -30.920303 0.719083 0.693942 -0.036930 49.410351 -0.694601 0.716114 -0.068630 142.220886 0.000000 0.000000 0.000000 1.000000
-0.017763 0.080388 0.996605 -31.417734 0.684863 0.727190 -0.046450 52.073807 -0.728455 0.681713 -0.067972 145.713684 0.000000 0.000000 0.000000 1.000000
-0.007741 0.084507 0.996393 -31.972197 0.711283 0.700835 -0.053914 55.042633 -0.702863 0.708300 -0.065534 149.606934 0.000000 0.000000 0.000000 1.000000
0.000999 0.087427 0.996170 -32.545670 0.718535 0.692764 -0.061520 58.113243 -0.695490 0.715845 -0.062128 153.633667 0.000000 0.000000 0.000000 1.000000
0.008906 0.089272 0.995967 -33.100132 0.717658 0.693015 -0.068534 61.082066 -0.696338 0.715375 -0.057895 157.526917 0.000000 0.000000 0.000000 1.000000
0.010347 0.096996 0.995231 -33.597565 0.638332 0.765462 -0.081239 63.745525 -0.769692 0.636128 -0.053995 161.019714 0.000000 0.000000 0.000000 1.000000
0.008147 0.104174 0.994526 -33.999947 0.541682 0.835538 -0.091958 65.900040 -0.840544 0.539466 -0.049622 163.845108 0.000000 0.000000 0.000000 1.000000
0.002363 0.109271 0.994009 -34.269257 0.440202 0.892408 -0.099148 67.342041 -0.897896 0.437799 -0.045993 165.736115 0.000000 0.000000 0.000000 1.000000
-0.002660 0.111061 0.993810 -34.367474 0.378697 0.919906 -0.101789 67.867950 -0.925517 0.376082 -0.044506 166.425766 0.000000 0.000000 0.000000 1.000000
-0.002660 0.111061 0.993810 -34.367474 0.378697 0.919906 -0.101789 67.867950 -0.925517 0.376082 -0.044506 166.425766 0.000000 0.000000 0.000000 1.000000
-0.002660 0.111061 0.993810 -34.367474 0.378697 0.919906 -0.101789 67.867950 -0.925517 0.376082 -0.044506 166.425766 0.000000 0.000000 0.000000 1.000000
-0.002660 0.111061 0.993810 -34.367474 0.378697 0.919906 -0.101789 67.867950 -0.925517 0.376082 -0.044506 166.425766 0.000000 0.000000 0.000000 1.000000
-0.002660 0.111061 0.993810 -34.367474 0.378697 0.919906 -0.101789 67.867950 -0.925517 0.376082 -0.044506 166.425766 0.000000 0.000000 0.000000 1.000000
-0.002660 0.111061 0.993810 -34.367474 0.378697 0.919906 -0.101789 67.867950 -0.925517 0.376082 -0.044506 166.425766 0.000000 0.000000 0.000000 1.000000</float_array>
          <technique_common>
            <accessor source="#bone_RR_thight-Matrix-animation-output-transform-array" count="41" stride="16">
              <param type="float4x4"/>
            </accessor>
          </technique_common>
        </source>
        <source id="bone_RR_thight-Interpolations">
          <Name_array id="bone_RR_thight-Interpolations-array" count="41">
 LINEAR LINEAR LINEAR LINEAR LINEAR LINEAR LINEAR LINEAR LINEAR LINEAR LINEAR
LINEAR LINEAR LINEAR LINEAR LINEAR LINEAR LINEAR LINEAR LINEAR LINEAR LINEAR LINEAR
LINEAR LINEAR LINEAR LINEAR LINEAR LINEAR LINEAR LINEAR LINEAR LINEAR LINEAR LINEAR
LINEAR LINEAR LINEAR LINEAR LINEAR LINEAR</Name_array>
          <technique_common>
            <accessor source="#bone_RR_thight-Interpolations-array" count="41">
              <param type="name"/>
            </accessor>
          </technique_common>
        </source>
        <sampler id="bone_RR_thight-Matrix-animation-transform">
          <input semantic="INPUT" source="#bone_RR_thight-Matrix-animation-input"/>
          <input semantic="OUTPUT" source="#bone_RR_thight-Matrix-animation-output-transform"/>
          <input semantic="INTERPOLATION" source="#bone_RR_thight-Interpolations"/>
        </sampler>
        <channel source="#bone_RR_thight-Matrix-animation-transform" target="bone_RR_thight/matrix"/>
      </animation>
    </animation>
    <animation id="bone_RR_leg-anim" name="bone_RR_leg">
      <animation>
        <source id="bone_RR_leg-Matrix-animation-input">
          <float_array id="bone_RR_leg-Matrix-animation-input-array" count="41">

0.000000 0.033333 0.066667 0.100000 0.133333 0.166667 0.200000 0.233333 0.266667 0.300000 0.333333 0.366667 0.400000 0.433333 0.466667 0.500000
0.533333 0.566667 0.600000 0.633333 0.666667 0.700000 0.733333 0.766667 0.800000 0.833333 0.866667 0.900000 0.933333 0.966667 1.000000 1.033333
1.066667 1.100000 1.133333 1.166667 1.200000 1.233333 1.266667 1.300000 1.333333</float_array>
          <technique_common>
            <accessor source="#bone_RR_leg-Matrix-animation-input-array" count="41">
              <param name="TIME" type="float"/>
            </accessor>
          </technique_common>
        </source>
        <source id="bone_RR_leg-Matrix-animation-output-transform">
          <float_array id="bone_RR_leg-Matrix-animation-output-transform-array" count="656">

-0.023980 0.108476 0.993810 -34.608379 0.194645 0.975578 -0.101790 102.164978 -0.980581 0.190999 -0.044508 82.605606 0.000000 0.000000 0.000000 1.000000
-0.028830 0.107371 0.993801 -34.286884 0.160192 0.981860 -0.101433 105.663376 -0.986665 0.156274 -0.045507 83.008652 0.000000 0.000000 0.000000 1.000000
-0.038840 0.104452 0.993771 -33.623466 0.092595 0.990619 -0.100502 113.308289 -0.994946 0.088115 -0.048148 83.557785 0.000000 0.000000 0.000000 1.000000
-0.050104 0.100127 0.993712 -32.876934 0.020583 0.994854 -0.099204 122.476395 -0.998532 0.015483 -0.051907 83.795235 0.000000 0.000000 0.000000 1.000000
-0.061001 0.094843 0.993621 -32.154701 -0.046432 0.994128 -0.097742 131.823883 -0.997057 -0.052098 -0.056239 83.697777 0.000000 0.000000 0.000000 1.000000
-0.070508 0.089259 0.993510 -31.524595 -0.103781 0.989927 -0.096302 140.321854 -0.992098 -0.109897 -0.060535 83.369217 0.000000 0.000000 0.000000 1.000000
-0.077781 0.084222 0.993407 -31.042545 -0.147956 0.984416 -0.095045 147.018143 -0.985931 -0.154373 -0.064108 82.960426 0.000000 0.000000 0.000000 1.000000
-0.082019 0.080709 0.993357 -30.761663 -0.175508 0.979969 -0.094112 150.964508 -0.981055 -0.182061 -0.066212 82.637230 0.000000 0.000000 0.000000 1.000000
-0.084018 0.078785 0.993345 -30.629185 -0.189642 0.977386 -0.093560 152.831055 -0.978252 -0.196241 -0.067177 82.451363 0.000000 0.000000 0.000000 1.000000
-0.085307 0.077662 0.993323 -30.543798 -0.197791 0.975796 -0.093278 154.069778 -0.976525 -0.204427 -0.067881 82.336906 0.000000 0.000000 0.000000 1.000000
-0.086112 0.077056 0.993301 -30.490437 -0.202197 0.974904 -0.093158 154.862442 -0.975552 -0.208864 -0.068370 82.272369 0.000000 0.000000 0.000000 1.000000
-0.086631 0.076684 0.993285 -30.456007 -0.204907 0.974344 -0.093093 155.377670 -0.974940 -0.211596 -0.068696 82.231812 0.000000 0.000000 0.000000 1.000000
-0.087052 0.076252 0.993281 -30.428143 -0.207895 0.973723 -0.092970 155.779236 -0.974270 -0.214591 -0.068912 82.187386 0.000000 0.000000 0.000000 1.000000
-0.087551 0.075470 0.993297 -30.395052 -0.213078 0.972629 -0.092681 156.227280 -0.973105 -0.219764 -0.069074 82.110138 0.000000 0.000000 0.000000 1.000000
-0.088287 0.074051 0.993339 -30.346260 -0.222250 0.970629 -0.092112 156.873734 -0.970984 -0.228902 -0.069236 81.969559 0.000000 0.000000 0.000000 1.000000
-0.089376 0.071716 0.993413 -30.274118 -0.236951 0.967237 -0.091144 157.853531 -0.967402 -0.243536 -0.069454 81.732079 0.000000 0.000000 0.000000 1.000000
-0.045064 0.018303 0.998816 -33.210995 0.539117 0.842184 0.008890 106.418129 -0.841024 0.538880 -0.047820 73.356064 0.000000 0.000000 0.000000 1.000000
-0.059396 0.049159 0.997023 -32.261047 0.299840 0.953544 -0.029152 122.276489 -0.952139 0.297216 -0.071377 80.720657 0.000000 0.000000 0.000000 1.000000
-0.056765 0.048562 0.997206 -32.435474 0.345691 0.937988 -0.026001 119.237755 -0.936630 0.343249 -0.070032 79.692657 0.000000 0.000000 0.000000 1.000000
-0.054787 0.048208 0.997334 -32.566551 0.380632 0.924421 -0.023774 116.922028 -0.923102 0.378314 -0.068996 78.795982 0.000000 0.000000 0.000000 1.000000
-0.053403 0.048019 0.997418 -32.658272 0.405312 0.913906 -0.022297 115.286308 -0.912617 0.403075 -0.068268 78.101021 0.000000 0.000000 0.000000 1.000000
-0.052535 0.047930 0.997468 -32.715851 0.420889 0.906859 -0.021409 114.253937 -0.905590 0.418699 -0.067815 77.635246 0.000000 0.000000 0.000000 1.000000
-0.052078 0.047893 0.997494 -32.746098 0.429095 0.903016 -0.020954 113.710098 -0.901757 0.426928 -0.067578 77.381226 0.000000 0.000000 0.000000 1.000000
-0.051908 0.047881 0.997503 -32.757370 0.432156 0.901559 -0.020787 113.507179 -0.900304 0.429998 -0.067490 77.284897 0.000000 0.000000 0.000000 1.000000
-0.051884 0.047879 0.997505 -32.758987 0.432596 0.901349 -0.020763 113.478073 -0.900094 0.430439 -0.067478 77.271004 0.000000 0.000000 0.000000 1.000000
-0.051941 0.049240 0.997435 -32.755177 0.419948 0.907259 -0.022920 113.749802 -0.906061 0.417680 -0.067802 77.666466 0.000000 0.000000 0.000000 1.000000
-0.051757 0.053132 0.997245 -32.767353 0.391490 0.919735 -0.028683 114.260002 -0.918725 0.388927 -0.068404 78.505852 0.000000 0.000000 0.000000 1.000000
-0.050685 0.059203 0.996958 -32.838432 0.361702 0.931562 -0.036931 114.534683 -0.930915 0.358730 -0.068630 79.313736 0.000000 0.000000 0.000000 1.000000
-0.047848 0.066996 0.996605 -33.026478 0.345075 0.937425 -0.046451 114.098991 -0.937355 0.341681 -0.067972 79.740540 0.000000 0.000000 0.000000 1.000000
-0.053178 0.066132 0.996393 -32.673210 0.205091 0.977257 -0.053916 119.460587 -0.977297 0.201484 -0.065531 85.951584 0.000000 0.000000 0.000000 1.000000
-0.056467 0.066752 0.996171 -32.455193 0.089768 0.994061 -0.061522 123.187973 -0.994361 0.085950 -0.062124 90.646034 0.000000 0.000000 0.000000 1.000000
-0.058906 0.067664 0.995968 -32.293541 -0.012910 0.997565 -0.068536 126.077400 -0.998180 -0.016895 -0.057889 94.462448 0.000000 0.000000 0.000000 1.000000
-0.053370 0.081650 0.995231 -32.660469 0.009806 0.996646 -0.081240 121.556564 -0.998527 0.005424 -0.053992 91.311935 0.000000 0.000000 0.000000 1.000000
-0.044293 0.094640 0.994526 -33.262043 0.059088 0.994008 -0.091959 114.957932 -0.997270 0.054691 -0.049620 87.720558 0.000000 0.000000 0.000000 1.000000
-0.032325 0.104408 0.994009 -34.055244 0.135296 0.985832 -0.099149 107.209305 -0.990278 0.131280 -0.045993 84.417465 0.000000 0.000000 0.000000 1.000000
-0.023980 0.108476 0.993810 -34.608379 0.194645 0.975578 -0.101790 102.164978 -0.980581 0.190999 -0.044508 82.605606 0.000000 0.000000 0.000000 1.000000
-0.023980 0.108476 0.993810 -34.608379 0.194645 0.975578 -0.101790 102.164978 -0.980581 0.190999 -0.044508 82.605606 0.000000 0.000000 0.000000 1.000000
-0.023980 0.108476 0.993810 -34.608379 0.194645 0.975578 -0.101790 102.164978 -0.980581 0.190999 -0.044508 82.605606 0.000000 0.000000 0.000000 1.000000
-0.023980 0.108476 0.993810 -34.608379 0.194645 0.975578 -0.101790 102.164978 -0.980581 0.190999 -0.044508 82.605606 0.000000 0.000000 0.000000 1.000000
-0.023980 0.108476 0.993810 -34.608379 0.194645 0.975578 -0.101790 102.164978 -0.980581 0.190999 -0.044508 82.605606 0.000000 0.000000 0.000000 1.000000
-0.023980 0.108476 0.993810 -34.608379 0.194645 0.975578 -0.101790 102.164978 -0.980581 0.190999 -0.044508 82.605606 0.000000 0.000000 0.000000 1.000000</float_array>
          <technique_common>
            <accessor source="#bone_RR_leg-Matrix-animation-output-transform-array" count="41" stride="16">
              <param type="float4x4"/>
            </accessor>
          </technique_common>
        </source>
        <source id="bone_RR_leg-Interpolations">
          <Name_array id="bone_RR_leg-Interpolations-array" count="41">
 LINEAR LINEAR LINEAR LINEAR LINEAR LINEAR LINEAR LINEAR LINEAR LINEAR LINEAR
LINEAR LINEAR LINEAR LINEAR LINEAR LINEAR LINEAR LINEAR LINEAR LINEAR LINEAR LINEAR
LINEAR LINEAR LINEAR LINEAR LINEAR LINEAR LINEAR LINEAR LINEAR LINEAR LINEAR LINEAR
LINEAR LINEAR LINEAR LINEAR LINEAR LINEAR</Name_array>
          <technique_common>
            <accessor source="#bone_RR_leg-Interpolations-array" count="41">
              <param type="name"/>
            </accessor>
          </technique_common>
        </source>
        <sampler id="bone_RR_leg-Matrix-animation-transform">
          <input semantic="INPUT" source="#bone_RR_leg-Matrix-animation-input"/>
          <input semantic="OUTPUT" source="#bone_RR_leg-Matrix-animation-output-transform"/>
          <input semantic="INTERPOLATION" source="#bone_RR_leg-Interpolations"/>
        </sampler>
        <channel source="#bone_RR_leg-Matrix-animation-transform" target="bone_RR_leg/matrix"/>
      </animation>
    </animation>
    <animation id="bone_RR_foot-anim" name="bone_RR_foot">
      <animation>
        <source id="bone_RR_foot-Matrix-animation-input">
          <float_array id="bone_RR_foot-Matrix-animation-input-array" count="41">

0.000000 0.033333 0.066667 0.100000 0.133333 0.166667 0.200000 0.233333 0.266667 0.300000 0.333333 0.366667 0.400000 0.433333 0.466667 0.500000
0.533333 0.566667 0.600000 0.633333 0.666667 0.700000 0.733333 0.766667 0.800000 0.833333 0.866667 0.900000 0.933333 0.966667 1.000000 1.033333
1.066667 1.100000 1.133333 1.166667 1.200000 1.233333 1.266667 1.300000 1.333333</float_array>
          <technique_common>
            <accessor source="#bone_RR_foot-Matrix-animation-input-array" count="41">
              <param name="TIME" type="float"/>
            </accessor>
          </technique_common>
        </source>
        <source id="bone_RR_foot-Matrix-animation-output-transform">
          <float_array id="bone_RR_foot-Matrix-animation-output-transform-array" count="656">

0.000005 -0.334205 -0.942501 -36.197678 -0.000000 -0.942501 0.334205 115.065445 -1.000000 -0.000002 -0.000005 17.615627 0.000000 0.000000 0.000000 1.000000
0.000005 -0.334205 -0.942501 -36.197678 -0.000000 -0.942501 0.334205 116.280396 -1.000000 -0.000002 -0.000005 17.615442 0.000000 0.000000 0.000000 1.000000
0.000005 -0.334205 -0.942501 -36.197674 -0.000000 -0.942501 0.334205 119.445229 -1.000000 -0.000002 -0.000005 17.615730 0.000000 0.000000 0.000000 1.000000
0.000005 -0.334205 -0.942501 -36.197678 -0.000000 -0.942501 0.334205 123.840591 -1.000000 -0.000002 -0.000005 17.615520 0.000000 0.000000 0.000000 1.000000
0.000005 -0.334205 -0.942501 -36.197666 -0.000000 -0.942501 0.334205 128.746521 -1.000000 -0.000002 -0.000005 17.615816 0.000000 0.000000 0.000000 1.000000
0.000005 -0.334205 -0.942501 -36.197662 -0.000000 -0.942501 0.334205 133.443558 -1.000000 -0.000002 -0.000005 17.615953 0.000000 0.000000 0.000000 1.000000
0.000005 -0.334205 -0.942500 -36.197662 -0.000000 -0.942500 0.334205 137.212082 -1.000000 -0.000002 -0.000005 17.615908 0.000000 0.000000 0.000000 1.000000
0.000005 -0.334205 -0.942500 -36.197662 -0.000000 -0.942500 0.334205 139.332367 -1.000000 -0.000002 -0.000005 17.615829 0.000000 0.000000 0.000000 1.000000
0.000005 -0.334205 -0.942500 -36.197662 -0.000000 -0.942500 0.334205 140.262115 -1.000000 -0.000002 -0.000005 17.615782 0.000000 0.000000 0.000000 1.000000
0.000005 -0.334205 -0.942500 -36.197666 -0.000000 -0.942500 0.334205 140.960800 -1.000000 -0.000002 -0.000005 17.615753 0.000000 0.000000 0.000000 1.000000
0.000005 -0.334205 -0.942500 -36.197666 -0.000000 -0.942500 0.334205 141.461426 -1.000000 -0.000002 -0.000005 17.615740 0.000000 0.000000 0.000000 1.000000
0.000005 -0.334205 -0.942500 -36.197666 -0.000000 -0.942500 0.334205 141.797012 -1.000000 -0.000002 -0.000005 17.615732 0.000000 0.000000 0.000000 1.000000
0.000005 -0.334205 -0.942500 -36.197666 -0.000000 -0.942500 0.334205 142.000565 -1.000000 -0.000002 -0.000005 17.615723 0.000000 0.000000 0.000000 1.000000
0.000005 -0.334205 -0.942500 -36.197666 -0.000000 -0.942500 0.334205 142.105103 -1.000000 -0.000002 -0.000005 17.615702 0.000000 0.000000 0.000000 1.000000
0.000005 -0.334205 -0.942500 -36.197670 -0.000000 -0.942500 0.334205 142.143616 -1.000000 -0.000002 -0.000005 17.615665 0.000000 0.000000 0.000000 1.000000
0.000005 -0.334205 -0.942500 -36.197670 -0.000000 -0.942500 0.334205 142.149139 -1.000000 -0.000002 -0.000005 17.615610 0.000000 0.000000 0.000000 1.000000
0.000005 -0.334205 -0.942501 -36.197678 -0.000000 -0.942501 0.334205 142.149185 -1.000000 -0.000002 -0.000005 17.615442 0.000000 0.000000 0.000000 1.000000
0.000005 -0.334205 -0.942501 -36.197662 -0.000000 -0.942501 0.334205 142.148956 -1.000000 -0.000002 -0.000005 17.615738 0.000000 0.000000 0.000000 1.000000
0.000005 -0.334205 -0.942501 -36.197670 -0.000000 -0.942501 0.334205 142.149063 -1.000000 -0.000002 -0.000005 17.615599 0.000000 0.000000 0.000000 1.000000
0.000005 -0.334205 -0.942501 -36.197674 -0.000000 -0.942501 0.334205 142.149124 -1.000000 -0.000002 -0.000005 17.615503 0.000000 0.000000 0.000000 1.000000
0.000005 -0.334205 -0.942501 -36.197678 -0.000000 -0.942501 0.334205 142.149170 -1.000000 -0.000002 -0.000005 17.615459 0.000000 0.000000 0.000000 1.000000
0.000005 -0.334205 -0.942501 -36.197678 -0.000000 -0.942501 0.334205 142.149170 -1.000000 -0.000002 -0.000005 17.615444 0.000000 0.000000 0.000000 1.000000
0.000005 -0.334205 -0.942501 -36.197678 -0.000000 -0.942501 0.334205 142.149185 -1.000000 -0.000002 -0.000005 17.615440 0.000000 0.000000 0.000000 1.000000
0.000005 -0.334205 -0.942501 -36.197678 -0.000000 -0.942501 0.334205 142.149185 -1.000000 -0.000002 -0.000005 17.615440 0.000000 0.000000 0.000000 1.000000
0.000005 -0.334205 -0.942501 -36.197678 -0.000000 -0.942501 0.334205 142.149185 -1.000000 -0.000002 -0.000005 17.615440 0.000000 0.000000 0.000000 1.000000
0.000005 -0.334205 -0.942501 -36.197678 -0.000000 -0.942501 0.334205 141.582657 -1.000000 -0.000002 -0.000005 17.615442 0.000000 0.000000 0.000000 1.000000
0.000005 -0.334205 -0.942501 -36.197678 -0.000000 -0.942501 0.334205 140.206787 -1.000000 -0.000002 -0.000005 17.615450 0.000000 0.000000 0.000000 1.000000
