<?xml version="1.0" encoding="utf-8"?>
<COLLADA xmlns="http://www.collada.org/2005/11/COLLADASchema" version="1.4.1">
  <asset>
    <contributor>
      <author/>
      <authoring_tool>FBX COLLADA exporter</authoring_tool>
      <comments/>
    </contributor>
    <created>2025-03-18T07:16:57Z</created>
    <keywords/>
    <modified>2025-03-18T07:16:57Z</modified>
    <revision/>
    <subject/>
    <title/>
    <unit meter="0.010000" name="centimeter"/>
    <up_axis>Y_UP</up_axis>
  </asset>
  <library_animations>
    <animation id="bone1-anim" name="bone1">
      <animation>
        <source id="bone1-Matrix-animation-input">
          <float_array id="bone1-Matrix-animation-input-array" count="91">

0.000000 0.033333 0.066667 0.100000 0.133333 0.166667 0.200000 0.233333 0.266667 0.300000 0.333333 0.366667 0.400000 0.433333 0.466667 0.500000
0.533333 0.566667 0.600000 0.633333 0.666667 0.700000 0.733333 0.766667 0.800000 0.833333 0.866667 0.900000 0.933333 0.966667 1.000000 1.033333
1.066667 1.100000 1.133333 1.166667 1.200000 1.233333 1.266667 1.300000 1.333333 1.366667 1.400000 1.433333 1.466667 1.500000 1.533333 1.566667
1.600000 1.633333 1.666667 1.700000 1.733333 1.766667 1.800000 1.833333 1.866667 1.900000 1.933333 1.966667 2.000000 2.033333 2.066667 2.100000
2.133333 2.166667 2.200000 2.233333 2.266667 2.300000 2.333333 2.366667 2.400000 2.433333 2.466667 2.500000 2.533333 2.566667 2.600000 2.633333
2.666667 2.700000 2.733333 2.766667 2.800000 2.833333 2.866667 2.900000 2.933333 2.966667 3.000000</float_array>
          <technique_common>
            <accessor source="#bone1-Matrix-animation-input-array" count="91">
              <param name="TIME" type="float"/>
            </accessor>
          </technique_common>
        </source>
        <source id="bone1-Matrix-animation-output-transform">
          <float_array id="bone1-Matrix-animation-output-transform-array" count="1456">

0.116016 0.071516 0.990669 -0.467123 0.825653 -0.561375 -0.056166 65.945930 0.552121 0.824465 -0.124176 162.176636 0.000000 0.000000 0.000000 1.000000
0.116016 0.071516 0.990669 -0.277957 0.825653 -0.561375 -0.056166 67.558411 0.552121 0.824465 -0.124176 161.783295 0.000000 0.000000 0.000000 1.000000
0.116016 0.071516 0.990669 0.214839 0.825653 -0.561375 -0.056166 71.759064 0.552121 0.824465 -0.124176 160.744797 0.000000 0.000000 0.000000 1.000000
0.116016 0.071516 0.990669 0.899211 0.825653 -0.561375 -0.056166 77.592735 0.552121 0.824465 -0.124176 159.273438 0.000000 0.000000 0.000000 1.000000
0.116016 0.071516 0.990669 1.663105 0.825653 -0.561375 -0.056166 84.104271 0.552121 0.824465 -0.124176 157.581497 0.000000 0.000000 0.000000 1.000000
0.116016 0.071516 0.990669 2.394468 0.825653 -0.561375 -0.056166 90.338493 0.552121 0.824465 -0.124176 155.881241 0.000000 0.000000 0.000000 1.000000
0.116016 0.071516 0.990669 2.981245 0.825653 -0.561375 -0.056166 95.340256 0.552121 0.824465 -0.124176 154.384979 0.000000 0.000000 0.000000 1.000000
0.116016 0.071516 0.990669 3.311382 0.825653 -0.561375 -0.056166 98.154388 0.552121 0.824465 -0.124176 153.304993 0.000000 0.000000 0.000000 1.000000
0.116016 0.071516 0.990669 3.456146 0.825653 -0.561375 -0.056166 99.388374 0.552121 0.824465 -0.124176 152.685501 0.000000 0.000000 0.000000 1.000000
0.116016 0.071516 0.990669 3.564934 0.825653 -0.561375 -0.056166 100.315697 0.552121 0.824465 -0.124176 152.354614 0.000000 0.000000 0.000000 1.000000
0.116016 0.071516 0.990669 3.642884 0.825653 -0.561375 -0.056166 100.980156 0.552121 0.824465 -0.124176 152.200363 0.000000 0.000000 0.000000 1.000000
0.116016 0.071516 0.990669 3.695136 0.825653 -0.561375 -0.056166 101.425560 0.552121 0.824465 -0.124176 152.110794 0.000000 0.000000 0.000000 1.000000
0.116016 0.071516 0.990669 3.726830 0.825653 -0.561375 -0.056166 101.695724 0.552121 0.824465 -0.124176 151.973938 0.000000 0.000000 0.000000 1.000000
0.116016 0.071516 0.990669 3.743105 0.825653 -0.561375 -0.056166 101.834457 0.552121 0.824465 -0.124176 151.677856 0.000000 0.000000 0.000000 1.000000
0.116016 0.071516 0.990669 3.749102 0.825653 -0.561375 -0.056166 101.885567 0.552121 0.824465 -0.124176 151.110580 0.000000 0.000000 0.000000 1.000000
0.116016 0.071516 0.990669 3.749958 0.825653 -0.561375 -0.056166 101.892868 0.552121 0.824465 -0.124176 150.160172 0.000000 0.000000 0.000000 1.000000
0.116977 0.069933 0.990669 3.749958 0.817948 -0.572544 -0.056166 28.969147 0.563274 0.816886 -0.124176 118.991562 0.000000 0.000000 0.000000 1.000000
0.118229 0.067794 0.990669 3.749958 0.807400 -0.587324 -0.056166 50.752018 0.578037 0.806507 -0.124176 134.378448 0.000000 0.000000 0.000000 1.000000
0.118873 0.066658 0.990669 3.749958 0.801737 -0.595032 -0.056166 48.017216 0.585736 0.800933 -0.124176 133.707245 0.000000 0.000000 0.000000 1.000000
0.119528 0.065477 0.990669 3.749958 0.795801 -0.602948 -0.056165 46.057636 0.593645 0.795089 -0.124176 133.226303 0.000000 0.000000 0.000000 1.000000
0.120150 0.064328 0.990669 3.749958 0.789986 -0.610547 -0.056166 44.744068 0.601237 0.789363 -0.124176 132.903915 0.000000 0.000000 0.000000 1.000000
0.120699 0.063293 0.990669 3.749958 0.784707 -0.617317 -0.056166 43.947315 0.608002 0.784165 -0.124176 132.708374 0.000000 0.000000 0.000000 1.000000
0.121136 0.062452 0.990669 3.749958 0.780394 -0.622760 -0.056166 43.538170 0.613442 0.779916 -0.124176 132.607956 0.000000 0.000000 0.000000 1.000000
0.121426 0.061887 0.990669 3.749958 0.777486 -0.626387 -0.056166 43.387432 0.617066 0.777052 -0.124176 132.570969 0.000000 0.000000 0.000000 1.000000
0.121530 0.061681 0.990669 3.749958 0.776422 -0.627706 -0.056166 43.365898 0.618385 0.776003 -0.124176 132.565674 0.000000 0.000000 0.000000 1.000000
0.121411 0.061915 0.990669 3.653005 0.777630 -0.626208 -0.056165 43.891808 0.616888 0.777193 -0.124176 133.255341 0.000000 0.000000 0.000000 1.000000
0.121082 0.062556 0.990669 3.386984 0.780929 -0.622090 -0.056166 45.333805 0.612772 0.780443 -0.124176 135.146347 0.000000 0.000000 0.000000 1.000000
0.120585 0.063510 0.990669 2.989158 0.785817 -0.615904 -0.056166 47.488323 0.606590 0.785257 -0.124176 137.971741 0.000000 0.000000 0.000000 1.000000
0.119959 0.064684 0.990669 2.496788 0.791792 -0.608203 -0.056166 50.151783 0.598895 0.791141 -0.124176 141.464539 0.000000 0.000000 0.000000 1.000000
0.119248 0.065986 0.990669 1.947134 0.798363 -0.599552 -0.056165 53.120609 0.590252 0.797611 -0.124176 145.357788 0.000000 0.000000 0.000000 1.000000
0.118498 0.067323 0.990669 1.377457 0.805059 -0.590529 -0.056166 56.191223 0.581238 0.804203 -0.124176 149.384521 0.000000 0.000000 0.000000 1.000000
0.117758 0.068609 0.990669 0.825019 0.811437 -0.581735 -0.056166 59.160046 0.572453 0.810480 -0.124176 153.277771 0.000000 0.000000 0.000000 1.000000
0.117083 0.069755 0.990669 0.327082 0.817077 -0.573786 -0.056166 61.823505 0.564514 0.816030 -0.124176 156.770584 0.000000 0.000000 0.000000 1.000000
0.116529 0.070677 0.990669 -0.079096 0.821583 -0.567316 -0.056166 63.978024 0.558053 0.820462 -0.124176 159.595963 0.000000 0.000000 0.000000 1.000000
0.116153 0.071292 0.990669 -0.356251 0.824570 -0.562966 -0.056166 65.420021 0.553709 0.823400 -0.124176 161.486969 0.000000 0.000000 0.000000 1.000000
0.116016 0.071516 0.990669 -0.467123 0.825653 -0.561375 -0.056166 65.945930 0.552121 0.824465 -0.124176 162.176636 0.000000 0.000000 0.000000 1.000000
0.116016 0.071516 0.990669 -0.480953 0.825653 -0.561375 -0.056166 65.912811 0.552121 0.824465 -0.124176 162.128067 0.000000 0.000000 0.000000 1.000000
0.116016 0.071516 0.990669 -0.492028 0.825653 -0.561375 -0.056166 65.822922 0.552121 0.824465 -0.124176 161.996246 0.000000 0.000000 0.000000 1.000000
0.116016 0.071516 0.990669 -0.500653 0.825653 -0.561375 -0.056166 65.690453 0.552121 0.824465 -0.124176 161.801971 0.000000 0.000000 0.000000 1.000000
0.116016 0.071516 0.990669 -0.507134 0.825653 -0.561375 -0.056166 65.529594 0.552121 0.824465 -0.124176 161.566071 0.000000 0.000000 0.000000 1.000000
0.116016 0.071516 0.990669 -0.511778 0.825653 -0.561375 -0.056166 65.354538 0.552121 0.824465 -0.124176 161.309357 0.000000 0.000000 0.000000 1.000000
0.116016 0.071516 0.990669 -0.514891 0.825653 -0.561375 -0.056166 65.179489 0.552121 0.824465 -0.124176 161.052643 0.000000 0.000000 0.000000 1.000000
0.116016 0.071516 0.990669 -0.516780 0.825653 -0.561375 -0.056166 65.018631 0.552121 0.824465 -0.124176 160.816742 0.000000 0.000000 0.000000 1.000000
0.116016 0.071516 0.990669 -0.517749 0.825653 -0.561375 -0.056166 64.886162 0.552121 0.824465 -0.124176 160.622467 0.000000 0.000000 0.000000 1.000000
0.116016 0.071516 0.990669 -0.518107 0.825653 -0.561375 -0.056166 64.796272 0.552121 0.824465 -0.124176 160.490631 0.000000 0.000000 0.000000 1.000000
0.116016 0.071516 0.990669 -0.518158 0.825653 -0.561375 -0.056166 64.763153 0.552121 0.824465 -0.124176 160.442062 0.000000 0.000000 0.000000 1.000000
0.116016 0.071515 0.990669 -0.515074 0.825650 -0.561379 -0.056166 64.827301 0.552125 0.824463 -0.124176 160.536346 0.000000 0.000000 0.000000 1.000000
0.116017 0.071514 0.990669 -0.507122 0.825643 -0.561390 -0.056166 64.992722 0.552135 0.824456 -0.124176 160.779510 0.000000 0.000000 0.000000 1.000000
0.116018 0.071512 0.990669 -0.496249 0.825633 -0.561405 -0.056166 65.218918 0.552150 0.824446 -0.124176 161.111969 0.000000 0.000000 0.000000 1.000000
0.116020 0.071510 0.990669 -0.484402 0.825622 -0.561421 -0.056166 65.465370 0.552166 0.824435 -0.124176 161.474228 0.000000 0.000000 0.000000 1.000000
0.116021 0.071507 0.990669 -0.473529 0.825612 -0.561435 -0.056166 65.691566 0.552181 0.824425 -0.124176 161.806686 0.000000 0.000000 0.000000 1.000000
0.116022 0.071506 0.990669 -0.465577 0.825605 -0.561446 -0.056166 65.856995 0.552191 0.824418 -0.124176 162.049850 0.000000 0.000000 0.000000 1.000000
0.116022 0.071505 0.990669 -0.462493 0.825602 -0.561450 -0.056166 65.921143 0.552195 0.824415 -0.124176 162.144135 0.000000 0.000000 0.000000 1.000000
0.116022 0.071506 0.990669 -0.464885 0.825604 -0.561447 -0.056166 65.918877 0.552192 0.824417 -0.124176 162.140808 0.000000 0.000000 0.000000 1.000000
0.116021 0.071507 0.990669 -0.471191 0.825610 -0.561439 -0.056166 65.903046 0.552184 0.824423 -0.124176 162.117538 0.000000 0.000000 0.000000 1.000000
0.116020 0.071509 0.990669 -0.480106 0.825618 -0.561427 -0.056166 65.860077 0.552172 0.824431 -0.124176 162.054367 0.000000 0.000000 0.000000 1.000000
0.116019 0.071511 0.990669 -0.490325 0.825628 -0.561413 -0.056166 65.776390 0.552158 0.824440 -0.124176 161.931366 0.000000 0.000000 0.000000 1.000000
0.116018 0.071513 0.990669 -0.500545 0.825637 -0.561399 -0.056165 65.638428 0.552144 0.824450 -0.124176 161.728592 0.000000 0.000000 0.000000 1.000000
0.116017 0.071514 0.990669 -0.509460 0.825645 -0.561387 -0.056166 65.432617 0.552132 0.824458 -0.124176 161.426071 0.000000 0.000000 0.000000 1.000000
0.116016 0.071515 0.990669 -0.515766 0.825651 -0.561379 -0.056166 65.145378 0.552124 0.824463 -0.124176 161.003876 0.000000 0.000000 0.000000 1.000000
0.116016 0.071516 0.990669 -0.518158 0.825653 -0.561375 -0.056166 64.763153 0.552121 0.824465 -0.124176 160.442062 0.000000 0.000000 0.000000 1.000000
0.116082 0.071409 0.990669 -0.470024 0.825134 -0.562139 -0.056166 64.169189 0.552883 0.823954 -0.124176 159.608948 0.000000 0.000000 0.000000 1.000000
0.116264 0.071112 0.990669 -0.336949 0.823694 -0.564247 -0.056166 63.297623 0.554988 0.822538 -0.124176 158.438232 0.000000 0.000000 0.000000 1.000000
0.116538 0.070662 0.990669 -0.135921 0.821508 -0.567424 -0.056166 62.211216 0.558161 0.820388 -0.124176 157.008072 0.000000 0.000000 0.000000 1.000000
0.116879 0.070097 0.990669 0.116071 0.818751 -0.571396 -0.056166 60.972721 0.562127 0.817676 -0.124176 155.396622 0.000000 0.000000 0.000000 1.000000
0.117262 0.069453 0.990669 0.402041 0.815598 -0.575886 -0.056166 59.644901 0.566612 0.814575 -0.124176 153.682053 0.000000 0.000000 0.000000 1.000000
0.117664 0.068770 0.990669 0.704998 0.812232 -0.580624 -0.056166 58.290512 0.571344 0.811262 -0.124176 151.942520 0.000000 0.000000 0.000000 1.000000
0.118063 0.068084 0.990669 1.007956 0.808838 -0.585342 -0.056166 56.972309 0.576057 0.807923 -0.124176 150.256180 0.000000 0.000000 0.000000 1.000000
0.118435 0.067434 0.990669 1.293925 0.805610 -0.589778 -0.056166 55.753048 0.580488 0.804745 -0.124176 148.701172 0.000000 0.000000 0.000000 1.000000
0.118760 0.066860 0.990669 1.545918 0.802745 -0.593672 -0.056165 54.695492 0.584378 0.801925 -0.124176 147.355682 0.000000 0.000000 0.000000 1.000000
0.119018 0.066400 0.990669 1.746946 0.800445 -0.596768 -0.056166 53.862396 0.587471 0.799661 -0.124176 146.297852 0.000000 0.000000 0.000000 1.000000
0.119187 0.066096 0.990669 1.880020 0.798917 -0.598813 -0.056166 53.316517 0.589514 0.798157 -0.124176 145.605835 0.000000 0.000000 0.000000 1.000000
0.119248 0.065986 0.990669 1.928154 0.798363 -0.599552 -0.056165 53.120609 0.590252 0.797611 -0.124176 145.357788 0.000000 0.000000 0.000000 1.000000
0.119187 0.066096 0.990669 1.880909 0.798918 -0.598812 -0.056165 53.373577 0.589512 0.798158 -0.124176 145.689529 0.000000 0.000000 0.000000 1.000000
0.119017 0.066400 0.990669 1.750635 0.800446 -0.596767 -0.056166 54.071117 0.587469 0.799662 -0.124176 146.604263 0.000000 0.000000 0.000000 1.000000
0.118761 0.066858 0.990669 1.554524 0.802737 -0.593682 -0.056166 55.121181 0.584387 0.801917 -0.124176 147.981293 0.000000 0.000000 0.000000 1.000000
0.118439 0.067428 0.990669 1.309766 0.805580 -0.589819 -0.056166 56.431721 0.580529 0.804715 -0.124176 149.699905 0.000000 0.000000 0.000000 1.000000
0.118071 0.068069 0.990669 1.033552 0.808765 -0.585444 -0.056166 57.910686 0.576158 0.807850 -0.124176 151.639389 0.000000 0.000000 0.000000 1.000000
0.117681 0.068741 0.990669 0.743073 0.812089 -0.580824 -0.056166 59.466034 0.571544 0.811121 -0.124176 153.679047 0.000000 0.000000 0.000000 1.000000
0.117292 0.069404 0.990669 0.455520 0.815354 -0.576232 -0.056166 61.005711 0.566957 0.814334 -0.124176 155.698135 0.000000 0.000000 0.000000 1.000000
0.116926 0.070018 0.990669 0.188084 0.818367 -0.571945 -0.056166 62.437675 0.562676 0.817298 -0.124176 157.575989 0.000000 0.000000 0.000000 1.000000
0.116608 0.070546 0.990669 -0.042043 0.820942 -0.568243 -0.056166 63.669876 0.558979 0.819831 -0.124176 159.191864 0.000000 0.000000 0.000000 1.000000
0.116364 0.070947 0.990669 -0.217672 0.822895 -0.565410 -0.056166 64.610260 0.556150 0.821753 -0.124176 160.425064 0.000000 0.000000 0.000000 1.000000
0.116220 0.071184 0.990669 -0.321610 0.824047 -0.563731 -0.056166 65.166794 0.554473 0.822885 -0.124176 161.154892 0.000000 0.000000 0.000000 1.000000
0.116144 0.071307 0.990669 -0.375488 0.824642 -0.562859 -0.056166 65.455276 0.553602 0.823471 -0.124176 161.533203 0.000000 0.000000 0.000000 1.000000
0.116090 0.071395 0.990669 -0.414093 0.825069 -0.562234 -0.056166 65.661987 0.552978 0.823890 -0.124176 161.804276 0.000000 0.000000 0.000000 1.000000
0.116054 0.071454 0.990669 -0.439972 0.825354 -0.561815 -0.056166 65.800552 0.552560 0.824171 -0.124176 161.985992 0.000000 0.000000 0.000000 1.000000
0.116032 0.071490 0.990669 -0.455669 0.825527 -0.561561 -0.056166 65.884598 0.552306 0.824341 -0.124176 162.096207 0.000000 0.000000 0.000000 1.000000
0.116021 0.071508 0.990669 -0.463729 0.825616 -0.561430 -0.056166 65.927757 0.552175 0.824429 -0.124176 162.152802 0.000000 0.000000 0.000000 1.000000
0.116016 0.071515 0.990669 -0.466699 0.825649 -0.561382 -0.056166 65.943657 0.552127 0.824461 -0.124176 162.173660 0.000000 0.000000 0.000000 1.000000
0.116016 0.071516 0.990669 -0.467123 0.825653 -0.561375 -0.056166 65.945930 0.552121 0.824465 -0.124176 162.176636 0.000000 0.000000 0.000000 1.000000</float_array>
          <technique_common>
            <accessor source="#bone1-Matrix-animation-output-transform-array" count="91" stride="16">
              <param type="float4x4"/>
            </accessor>
          </technique_common>
        </source>
        <source id="bone1-Interpolations">
          <Name_array id="bone1-Interpolations-array" count="91">
 LINEAR LINEAR LINEAR LINEAR LINEAR LINEAR LINEAR LINEAR LINEAR LINEAR LINEAR
LINEAR LINEAR LINEAR LINEAR LINEAR LINEAR LINEAR LINEAR LINEAR LINEAR LINEAR LINEAR
LINEAR LINEAR LINEAR LINEAR LINEAR LINEAR LINEAR LINEAR LINEAR LINEAR LINEAR LINEAR
LINEAR LINEAR LINEAR LINEAR LINEAR LINEAR LINEAR LINEAR LINEAR LINEAR LINEAR LINEAR
LINEAR LINEAR LINEAR LINEAR LINEAR LINEAR LINEAR LINEAR LINEAR LINEAR LINEAR LINEAR
LINEAR LINEAR LINEAR LINEAR LINEAR LINEAR LINEAR LINEAR LINEAR LINEAR LINEAR LINEAR
LINEAR LINEAR LINEAR LINEAR LINEAR LINEAR LINEAR LINEAR LINEAR LINEAR LINEAR LINEAR
LINEAR LINEAR LINEAR LINEAR LINEAR LINEAR LINEAR LINEAR</Name_array>
          <technique_common>
            <accessor source="#bone1-Interpolations-array" count="91">
              <param type="name"/>
            </accessor>
          </technique_common>
        </source>
        <sampler id="bone1-Matrix-animation-transform">
          <input semantic="INPUT" source="#bone1-Matrix-animation-input"/>
          <input semantic="OUTPUT" source="#bone1-Matrix-animation-output-transform"/>
          <input semantic="INTERPOLATION" source="#bone1-Interpolations"/>
        </sampler>
        <channel source="#bone1-Matrix-animation-transform" target="bone1/matrix"/>
      </animation>
      <animation>
        <source id="bone1-visibility-animation-input">
          <float_array id="bone1-visibility-animation-input-array" count="91">

0.000000 0.033333 0.066667 0.100000 0.133333 0.166667 0.200000 0.233333 0.266667 0.300000 0.333333 0.366667 0.400000 0.433333 0.466667 0.500000
0.533333 0.566667 0.600000 0.633333 0.666667 0.700000 0.733333 0.766667 0.800000 0.833333 0.866667 0.900000 0.933333 0.966667 1.000000 1.033333
1.066667 1.100000 1.133333 1.166667 1.200000 1.233333 1.266667 1.300000 1.333333 1.366667 1.400000 1.433333 1.466667 1.500000 1.533333 1.566667
1.600000 1.633333 1.666667 1.700000 1.733333 1.766667 1.800000 1.833333 1.866667 1.900000 1.933333 1.966667 2.000000 2.033333 2.066667 2.100000
2.133333 2.166667 2.200000 2.233333 2.266667 2.300000 2.333333 2.366667 2.400000 2.433333 2.466667 2.500000 2.533333 2.566667 2.600000 2.633333
2.666667 2.700000 2.733333 2.766667 2.800000 2.833333 2.866667 2.900000 2.933333 2.966667 3.000000</float_array>
          <technique_common>
            <accessor source="#bone1-visibility-animation-input-array" count="91">
              <param name="TIME" type="float"/>
            </accessor>
          </technique_common>
        </source>
        <source id="bone1-visibility-animation-output">
          <float_array id="bone1-visibility-animation-output-array" count="91">

1.000000 1.000000 1.000000 1.000000 1.000000 1.000000 1.000000 1.000000 1.000000 1.000000 1.000000 1.000000 1.000000 1.000000 1.000000 1.000000
1.000000 1.000000 1.000000 1.000000 1.000000 1.000000 1.000000 1.000000 1.000000 1.000000 1.000000 1.000000 1.000000 1.000000 1.000000 1.000000
1.000000 1.000000 1.000000 1.000000 1.000000 1.000000 1.000000 1.000000 1.000000 1.000000 1.000000 1.000000 1.000000 1.000000 1.000000 1.000000
1.000000 1.000000 1.000000 1.000000 1.000000 1.000000 1.000000 1.000000 1.000000 1.000000 1.000000 1.000000 1.000000 1.000000 1.000000 1.000000
1.000000 1.000000 1.000000 1.000000 1.000000 1.000000 1.000000 1.000000 1.000000 1.000000 1.000000 1.000000 1.000000 1.000000 1.000000 1.000000
1.000000 1.000000 1.000000 1.000000 1.000000 1.000000 1.000000 1.000000 1.000000 1.000000 1.000000</float_array>
          <technique_common>
            <accessor source="#bone1-visibility-animation-output-array" count="91">
              <param type="float"/>
            </accessor>
          </technique_common>
        </source>
        <source id="bone1-visibility-animation-intan">
          <float_array id="bone1-visibility-animation-intan-array" count="91">

0.000000 0.000000 0.000000 0.000000 0.000000 0.000000 0.000000 0.000000 0.000000 0.000000 0.000000 0.000000 0.000000 0.000000 0.000000 0.000000
0.000000 0.000000 0.000000 0.000000 0.000000 0.000000 0.000000 0.000000 0.000000 0.000000 0.000000 0.000000 0.000000 0.000000 0.000000 0.000000
0.000000 0.000000 0.000000 0.000000 0.000000 0.000000 0.000000 0.000000 0.000000 0.000000 0.000000 0.000000 0.000000 0.000000 0.000000 0.000000
0.000000 0.000000 0.000000 0.000000 0.000000 0.000000 0.000000 0.000000 0.000000 0.000000 0.000000 0.000000 0.000000 0.000000 0.000000 0.000000
0.000000 0.000000 0.000000 0.000000 0.000000 0.000000 0.000000 0.000000 0.000000 0.000000 0.000000 0.000000 0.000000 0.000000 0.000000 0.000000
0.000000 0.000000 0.000000 0.000000 0.000000 0.000000 0.000000 0.000000 0.000000 0.000000 0.000000</float_array>
          <technique_common>
            <accessor source="#bone1-visibility-animation-intan-array" count="91">
              <param type="float"/>
            </accessor>
          </technique_common>
        </source>
        <source id="bone1-visibility-animation-outtan">
          <float_array id="bone1-visibility-animation-outtan-array" count="91">

0.000000 0.000000 0.000000 0.000000 0.000000 0.000000 0.000000 0.000000 0.000000 0.000000 0.000000 0.000000 0.000000 0.000000 0.000000 0.000000
0.000000 0.000000 0.000000 0.000000 0.000000 0.000000 0.000000 0.000000 0.000000 0.000000 0.000000 0.000000 0.000000 0.000000 0.000000 0.000000
0.000000 0.000000 0.000000 0.000000 0.000000 0.000000 0.000000 0.000000 0.000000 0.000000 0.000000 0.000000 0.000000 0.000000 0.000000 0.000000
0.000000 0.000000 0.000000 0.000000 0.000000 0.000000 0.000000 0.000000 0.000000 0.000000 0.000000 0.000000 0.000000 0.000000 0.000000 0.000000
0.000000 0.000000 0.000000 0.000000 0.000000 0.000000 0.000000 0.000000 0.000000 0.000000 0.000000 0.000000 0.000000 0.000000 0.000000 0.000000
0.000000 0.000000 0.000000 0.000000 0.000000 0.000000 0.000000 0.000000 0.000000 0.000000 0.000000</float_array>
          <technique_common>
            <accessor source="#bone1-visibility-animation-outtan-array" count="91">
              <param type="float"/>
            </accessor>
          </technique_common>
        </source>
        <source id="bone1-visibility-animation-interpolation">
          <Name_array id="bone1-visibility-animation-interpolation-array" count="91">
 STEP STEP STEP STEP STEP STEP STEP STEP STEP STEP STEP STEP STEP STEP STEP STEP STEP
STEP STEP STEP STEP STEP STEP STEP STEP STEP STEP STEP STEP STEP STEP STEP STEP STEP STEP
STEP STEP STEP STEP STEP STEP STEP STEP STEP STEP STEP STEP STEP STEP STEP STEP STEP STEP
STEP STEP STEP STEP STEP STEP STEP STEP STEP STEP STEP STEP STEP STEP STEP STEP STEP STEP
STEP STEP STEP STEP STEP STEP STEP STEP STEP STEP STEP STEP STEP STEP STEP STEP STEP STEP
STEP STEP</Name_array>
          <technique_common>
            <accessor source="#bone1-visibility-animation-interpolation-array" count="91">
              <param type="name"/>
            </accessor>
          </technique_common>
        </source>
        <sampler id="bone1-visibility-animation">
          <input semantic="INPUT" source="#bone1-visibility-animation-input"/>
          <input semantic="OUTPUT" source="#bone1-visibility-animation-output"/>
          <input semantic="IN_TANGENT" source="#bone1-visibility-animation-intan"/>
          <input semantic="OUT_TANGENT" source="#bone1-visibility-animation-outtan"/>
          <input semantic="INTERPOLATION" source="#bone1-visibility-animation-interpolation"/>
        </sampler>
        <channel source="#bone1-visibility-animation" target="bone1/visibility"/>
      </animation>
    </animation>
    <animation id="bone2-anim" name="bone2">
      <animation>
        <source id="bone2-Matrix-animation-input">
          <float_array id="bone2-Matrix-animation-input-array" count="91">

0.000000 0.033333 0.066667 0.100000 0.133333 0.166667 0.200000 0.233333 0.266667 0.300000 0.333333 0.366667 0.400000 0.433333 0.466667 0.500000
0.533333 0.566667 0.600000 0.633333 0.666667 0.700000 0.733333 0.766667 0.800000 0.833333 0.866667 0.900000 0.933333 0.966667 1.000000 1.033333
1.066667 1.100000 1.133333 1.166667 1.200000 1.233333 1.266667 1.300000 1.333333 1.366667 1.400000 1.433333 1.466667 1.500000 1.533333 1.566667
1.600000 1.633333 1.666667 1.700000 1.733333 1.766667 1.800000 1.833333 1.866667 1.900000 1.933333 1.966667 2.000000 2.033333 2.066667 2.100000
2.133333 2.166667 2.200000 2.233333 2.266667 2.300000 2.333333 2.366667 2.400000 2.433333 2.466667 2.500000 2.533333 2.566667 2.600000 2.633333
2.666667 2.700000 2.733333 2.766667 2.800000 2.833333 2.866667 2.900000 2.933333 2.966667 3.000000</float_array>
          <technique_common>
            <accessor source="#bone2-Matrix-animation-input-array" count="91">
              <param name="TIME" type="float"/>
            </accessor>
          </technique_common>
        </source>
        <source id="bone2-Matrix-animation-output-transform">
          <float_array id="bone2-Matrix-animation-output-transform-array" count="1456">

-0.002666 0.111051 0.993811 -34.367474 0.378697 0.919907 -0.101777 67.867950 -0.925517 0.376082 -0.044507 166.425766 0.000000 0.000000 0.000000 1.000000
-0.001205 0.111155 0.993802 -34.178310 0.399521 0.911097 -0.101420 69.480423 -0.916723 0.396923 -0.045506 166.032440 0.000000 0.000000 0.000000 1.000000
0.000679 0.111425 0.993773 -33.685513 0.437552 0.893561 -0.100488 73.681084 -0.899193 0.434895 -0.048147 164.993942 0.000000 0.000000 0.000000 1.000000
0.001366 0.111943 0.993714 -33.001141 0.474369 0.874720 -0.099191 79.514755 -0.880325 0.471523 -0.051908 163.522583 0.000000 0.000000 0.000000 1.000000
0.000906 0.112753 0.993623 -32.237247 0.505683 0.857166 -0.097729 86.026291 -0.862719 0.502547 -0.056241 161.830627 0.000000 0.000000 0.000000 1.000000
-0.000212 0.113738 0.993511 -31.505884 0.530679 0.842086 -0.096289 92.260513 -0.847573 0.527215 -0.060537 160.130386 0.000000 0.000000 0.000000 1.000000
-0.001369 0.114627 0.993408 -30.919107 0.549389 0.830145 -0.095032 97.262276 -0.835566 0.545637 -0.064111 158.634125 0.000000 0.000000 0.000000 1.000000
-0.001912 0.115046 0.993358 -30.588970 0.561891 0.821842 -0.094100 100.076408 -0.827209 0.557979 -0.066215 157.554123 0.000000 0.000000 0.000000 1.000000
-0.002048 0.115152 0.993346 -30.444206 0.568875 0.817086 -0.093547 101.310394 -0.822421 0.564898 -0.067181 156.934647 0.000000 0.000000 0.000000 1.000000
-0.002307 0.115331 0.993324 -30.335419 0.572314 0.814714 -0.093264 102.237717 -0.820032 0.568278 -0.067885 156.603745 0.000000 0.000000 0.000000 1.000000
-0.002578 0.115518 0.993302 -30.257467 0.573729 0.813731 -0.093145 102.902176 -0.819041 0.569646 -0.068374 156.449493 0.000000 0.000000 0.000000 1.000000
-0.002775 0.115653 0.993286 -30.205215 0.574500 0.813195 -0.093080 103.347580 -0.818500 0.570385 -0.068699 156.359924 0.000000 0.000000 0.000000 1.000000
-0.002817 0.115683 0.993282 -30.173521 0.575951 0.812182 -0.092957 103.617744 -0.817479 0.571820 -0.068916 156.223068 0.000000 0.000000 0.000000 1.000000
-0.002631 0.115552 0.993298 -30.157246 0.579367 0.809782 -0.092668 103.756477 -0.815063 0.575240 -0.069078 155.926987 0.000000 0.000000 0.000000 1.000000
-0.002159 0.115203 0.993340 -30.151251 0.585940 0.805104 -0.092099 103.807587 -0.810351 0.581839 -0.069240 155.359726 0.000000 0.000000 0.000000 1.000000
-0.001372 0.114576 0.993414 -30.150394 0.596678 0.797289 -0.091132 103.814888 -0.802479 0.592623 -0.069458 154.409317 0.000000 0.000000 0.000000 1.000000
-0.033800 0.034970 0.998817 -30.150393 0.833945 0.551775 0.008902 30.891167 -0.550811 0.833259 -0.047813 123.240700 0.000000 0.000000 0.000000 1.000000
-0.023311 0.073484 0.997024 -30.150393 0.768529 0.639151 -0.029139 52.674042 -0.639391 0.765562 -0.071374 138.627594 0.000000 0.000000 0.000000 1.000000
-0.025237 0.070303 0.997206 -30.150393 0.765173 0.643300 -0.025988 49.939240 -0.643330 0.762379 -0.070029 137.956390 0.000000 0.000000 0.000000 1.000000
-0.026684 0.067915 0.997334 -30.150393 0.761240 0.648034 -0.023761 47.979660 -0.647921 0.758577 -0.068992 137.475449 0.000000 0.000000 0.000000 1.000000
-0.027697 0.066253 0.997418 -30.150393 0.757683 0.652242 -0.022285 46.666092 -0.652035 0.755110 -0.068264 137.153061 0.000000 0.000000 0.000000 1.000000
-0.028333 0.065217 0.997469 -30.150393 0.755082 0.655282 -0.021396 45.869339 -0.655018 0.752564 -0.067810 136.957520 0.000000 0.000000 0.000000 1.000000
-0.028667 0.064675 0.997495 -30.150393 0.753594 0.657006 -0.020941 45.460197 -0.656714 0.751106 -0.067573 136.857101 0.000000 0.000000 0.000000 1.000000
-0.028791 0.064474 0.997504 -30.150393 0.753018 0.657672 -0.020774 45.309460 -0.657370 0.750540 -0.067485 136.820114 0.000000 0.000000 0.000000 1.000000
-0.028809 0.064445 0.997505 -30.150393 0.752934 0.657768 -0.020751 45.287926 -0.657465 0.750458 -0.067473 136.814819 0.000000 0.000000 0.000000 1.000000
-0.027690 0.065995 0.997436 -30.247347 0.750127 0.660897 -0.022903 45.813835 -0.660714 0.747569 -0.067805 137.504486 0.000000 0.000000 0.000000 1.000000
-0.024872 0.069890 0.997245 -30.513367 0.739836 0.672177 -0.028656 47.255833 -0.672327 0.737085 -0.068425 139.395493 0.000000 0.000000 0.000000 1.000000
-0.021243 0.075010 0.996956 -30.911192 0.719076 0.693951 -0.036891 49.410351 -0.694606 0.716104 -0.068679 142.220871 0.000000 0.000000 0.000000 1.000000
-0.017858 0.080405 0.996602 -31.403563 0.684853 0.727202 -0.046398 52.073811 -0.728462 0.681698 -0.068052 145.713684 0.000000 0.000000 0.000000 1.000000
-0.007865 0.084544 0.996389 -31.953217 0.711275 0.700847 -0.053853 55.042633 -0.702869 0.708283 -0.065646 149.606934 0.000000 0.000000 0.000000 1.000000
0.000851 0.087483 0.996166 -32.522896 0.718529 0.692777 -0.061453 58.113243 -0.695497 0.715826 -0.062269 153.633667 0.000000 0.000000 0.000000 1.000000
0.008746 0.089341 0.995963 -33.075333 0.717654 0.693026 -0.068468 61.082069 -0.696345 0.715355 -0.058055 157.526917 0.000000 0.000000 0.000000 1.000000
0.010190 0.097053 0.995227 -33.573269 0.638327 0.765473 -0.081183 63.745525 -0.769698 0.636107 -0.054151 161.019714 0.000000 0.000000 0.000000 1.000000
0.008013 0.104209 0.994523 -33.979446 0.541677 0.835546 -0.091915 65.900047 -0.840549 0.539447 -0.049752 163.845108 0.000000 0.000000 0.000000 1.000000
0.002277 0.109281 0.994008 -34.256603 0.440197 0.892413 -0.099120 67.342041 -0.897898 0.437785 -0.046073 165.736115 0.000000 0.000000 0.000000 1.000000
-0.002666 0.111051 0.993811 -34.367474 0.378697 0.919907 -0.101777 67.867950 -0.925517 0.376082 -0.044507 166.425766 0.000000 0.000000 0.000000 1.000000
-0.002357 0.110990 0.993819 -34.381306 0.380857 0.919020 -0.101733 67.834831 -0.924631 0.378263 -0.044438 166.377197 0.000000 0.000000 0.000000 1.000000
-0.001717 0.110857 0.993835 -34.392380 0.386474 0.916689 -0.101584 67.744942 -0.922299 0.383917 -0.044417 166.245377 0.000000 0.000000 0.000000 1.000000
-0.000885 0.110664 0.993857 -34.401005 0.394232 0.913405 -0.101355 67.612473 -0.919010 0.391721 -0.044435 166.051102 0.000000 0.000000 0.000000 1.000000
0.000020 0.110426 0.993884 -34.407486 0.402987 0.909608 -0.101071 67.451614 -0.915206 0.400525 -0.044482 165.815201 0.000000 0.000000 0.000000 1.000000
0.000910 0.110162 0.993913 -34.412128 0.411857 0.905661 -0.100758 67.276558 -0.911248 0.409442 -0.044547 165.558487 0.000000 0.000000 0.000000 1.000000
0.001723 0.109893 0.993942 -34.415241 0.420176 0.901867 -0.100442 67.101509 -0.907441 0.417803 -0.044620 165.301773 0.000000 0.000000 0.000000 1.000000
0.002417 0.109643 0.993968 -34.417130 0.427437 0.898481 -0.100149 66.940651 -0.904042 0.425101 -0.044693 165.065872 0.000000 0.000000 0.000000 1.000000
0.002952 0.109434 0.993990 -34.418102 0.433144 0.895771 -0.099906 66.808182 -0.901320 0.430836 -0.044757 164.871597 0.000000 0.000000 0.000000 1.000000
0.003299 0.109291 0.994004 -34.418457 0.436907 0.893960 -0.099741 66.718292 -0.899501 0.434617 -0.044801 164.739777 0.000000 0.000000 0.000000 1.000000
0.003423 0.109238 0.994010 -34.418510 0.438273 0.893298 -0.099680 66.685173 -0.898836 0.435989 -0.044818 164.691208 0.000000 0.000000 0.000000 1.000000
0.003160 0.109345 0.993999 -34.415424 0.435614 0.894585 -0.099793 66.749313 -0.900128 0.433315 -0.044805 164.785492 0.000000 0.000000 0.000000 1.000000
0.002455 0.109615 0.993971 -34.407475 0.428553 0.897956 -0.100085 66.914742 -0.903513 0.426215 -0.044772 165.028641 0.000000 0.000000 0.000000 1.000000
0.001418 0.109978 0.993933 -34.396599 0.418306 0.902731 -0.100483 67.140938 -0.908305 0.415910 -0.044724 165.361115 0.000000 0.000000 0.000000 1.000000
0.000177 0.110359 0.993892 -34.384754 0.406237 0.908178 -0.100914 67.387390 -0.913768 0.403774 -0.044671 165.723358 0.000000 0.000000 0.000000 1.000000
-0.001097 0.110694 0.993854 -34.373882 0.394043 0.913492 -0.101308 67.613586 -0.919091 0.391510 -0.044621 166.055832 0.000000 0.000000 0.000000 1.000000
-0.002141 0.110926 0.993826 -34.365929 0.384204 0.917641 -0.101595 67.779015 -0.923246 0.381615 -0.044583 166.298981 0.000000 0.000000 0.000000 1.000000
-0.002578 0.111012 0.993816 -34.362846 0.380118 0.919329 -0.101706 67.843163 -0.924934 0.377505 -0.044568 166.393265 0.000000 0.000000 0.000000 1.000000
-0.002547 0.111007 0.993816 -34.365238 0.380266 0.919268 -0.101706 67.840897 -0.924873 0.377656 -0.044553 166.389938 0.000000 0.000000 0.000000 1.000000
-0.002399 0.110980 0.993820 -34.371544 0.381292 0.918845 -0.101687 67.825066 -0.924452 0.378692 -0.044520 166.366669 0.000000 0.000000 0.000000 1.000000
-0.002061 0.110914 0.993828 -34.380459 0.384017 0.917716 -0.101624 67.782097 -0.923324 0.381437 -0.044485 166.303513 0.000000 0.000000 0.000000 1.000000
-0.001477 0.110791 0.993843 -34.390678 0.389116 0.915581 -0.101489 67.698410 -0.921188 0.386570 -0.044463 166.180511 0.000000 0.000000 0.000000 1.000000
-0.000618 0.110589 0.993866 -34.400898 0.397021 0.912207 -0.101255 67.560448 -0.917809 0.394523 -0.044470 165.977722 0.000000 0.000000 0.000000 1.000000
0.000508 0.110281 0.993900 -34.409813 0.407897 0.907436 -0.100895 67.354637 -0.913028 0.405460 -0.044522 165.675201 0.000000 0.000000 0.000000 1.000000
0.001871 0.109840 0.993947 -34.416119 0.421700 0.901162 -0.100380 67.067398 -0.906733 0.419336 -0.044634 165.253021 0.000000 0.000000 0.000000 1.000000
0.003423 0.109238 0.994010 -34.418510 0.438273 0.893298 -0.099680 66.685173 -0.898836 0.435989 -0.044818 164.691208 0.000000 0.000000 0.000000 1.000000
0.004867 0.108243 0.994113 -34.370377 0.460937 0.881973 -0.098290 66.091209 -0.887419 0.458702 -0.045601 163.858078 0.000000 0.000000 0.000000 1.000000
0.005782 0.106708 0.994274 -34.237301 0.490453 0.866184 -0.095814 65.219643 -0.871448 0.488199 -0.047327 162.687363 0.000000 0.000000 0.000000 1.000000
0.006015 0.104726 0.994483 -34.036274 0.523412 0.847058 -0.092367 64.133232 -0.852058 0.521080 -0.049720 161.257202 0.000000 0.000000 0.000000 1.000000
0.005521 0.102380 0.994730 -33.784279 0.557231 0.825674 -0.088073 62.894741 -0.830339 0.554780 -0.052491 159.645767 0.000000 0.000000 0.000000 1.000000
0.004344 0.099753 0.995003 -33.498310 0.589972 0.803137 -0.083093 61.566921 -0.807412 0.587384 -0.055363 157.931198 0.000000 0.000000 0.000000 1.000000
0.002602 0.096935 0.995287 -33.195354 0.620204 0.780588 -0.077645 60.212532 -0.784436 0.617484 -0.058089 156.191666 0.000000 0.000000 0.000000 1.000000
0.000469 0.094038 0.995569 -32.892395 0.646911 0.759157 -0.072012 58.894329 -0.762565 0.644078 -0.060478 154.505310 0.000000 0.000000 0.000000 1.000000
-0.001834 0.091204 0.995831 -32.606426 0.669418 0.739901 -0.066532 57.675072 -0.742883 0.666505 -0.062411 152.950317 0.000000 0.000000 0.000000 1.000000
-0.004063 0.088613 0.996058 -32.354435 0.687321 0.723738 -0.061583 56.617516 -0.726342 0.684361 -0.063846 151.604828 0.000000 0.000000 0.000000 1.000000
-0.005958 0.086476 0.996236 -32.153404 0.700397 0.711429 -0.057566 55.784420 -0.713729 0.697417 -0.064806 150.546982 0.000000 0.000000 0.000000 1.000000
-0.007264 0.085027 0.996352 -32.020332 0.708478 0.703596 -0.054878 55.238541 -0.705696 0.705495 -0.065351 149.854965 0.000000 0.000000 0.000000 1.000000
-0.007746 0.084496 0.996394 -31.972197 0.711283 0.700836 -0.053903 55.042633 -0.702863 0.708301 -0.065530 149.606934 0.000000 0.000000 0.000000 1.000000
-0.007298 0.085145 0.996342 -32.019444 0.707482 0.704585 -0.055030 55.295601 -0.706693 0.704493 -0.065381 149.938675 0.000000 0.000000 0.000000 1.000000
-0.006103 0.086902 0.996198 -32.149715 0.696649 0.715055 -0.058109 55.993141 -0.717386 0.693646 -0.064905 150.853409 0.000000 0.000000 0.000000 1.000000
-0.004421 0.089464 0.995980 -32.345829 0.679333 0.731150 -0.062660 57.043205 -0.733817 0.676325 -0.064008 152.230438 0.000000 0.000000 0.000000 1.000000
-0.002539 0.092527 0.995707 -32.590584 0.655917 0.751747 -0.068184 58.353741 -0.754829 0.652928 -0.062599 153.949051 0.000000 0.000000 0.000000 1.000000
-0.000746 0.095817 0.995399 -32.866798 0.626859 0.775593 -0.074188 59.832710 -0.779133 0.623919 -0.060643 155.888535 0.000000 0.000000 0.000000 1.000000
0.000696 0.099101 0.995077 -33.157280 0.592871 0.801292 -0.080217 61.388054 -0.805297 0.590008 -0.058196 157.928177 0.000000 0.000000 0.000000 1.000000
0.001581 0.102190 0.994764 -33.444832 0.555080 0.827352 -0.085874 62.927734 -0.831796 0.552309 -0.055415 159.947281 0.000000 0.000000 0.000000 1.000000
0.001783 0.104928 0.994478 -33.712269 0.515209 0.852236 -0.090844 64.359695 -0.857062 0.512527 -0.052540 161.825119 0.000000 0.000000 0.000000 1.000000
0.001306 0.107185 0.994238 -33.942394 0.475884 0.874374 -0.094888 65.591896 -0.879507 0.473266 -0.049866 163.441010 0.000000 0.000000 0.000000 1.000000
0.000351 0.108841 0.994059 -34.118023 0.441251 0.892035 -0.097826 66.532280 -0.897383 0.438664 -0.047713 164.674210 0.000000 0.000000 0.000000 1.000000
-0.000582 0.109788 0.993955 -34.221962 0.417824 0.903063 -0.099504 67.088814 -0.908528 0.415240 -0.046397 165.404022 0.000000 0.000000 0.000000 1.000000
-0.001218 0.110266 0.993901 -34.275841 0.404440 0.909042 -0.100356 67.377296 -0.914564 0.401851 -0.045704 165.782349 0.000000 0.000000 0.000000 1.000000
-0.001762 0.110602 0.993863 -34.314445 0.394139 0.913489 -0.100959 67.584007 -0.919049 0.391543 -0.045202 166.053421 0.000000 0.000000 0.000000 1.000000
-0.002177 0.110823 0.993838 -34.340324 0.386819 0.916568 -0.101359 67.722572 -0.922153 0.384214 -0.044864 166.235123 0.000000 0.000000 0.000000 1.000000
-0.002452 0.110955 0.993822 -34.356022 0.382185 0.918484 -0.101601 67.806618 -0.924083 0.379574 -0.044658 166.345337 0.000000 0.000000 0.000000 1.000000
-0.002601 0.111022 0.993814 -34.364082 0.379740 0.919483 -0.101725 67.849777 -0.925089 0.377127 -0.044551 166.401947 0.000000 0.000000 0.000000 1.000000
-0.002658 0.111047 0.993812 -34.367050 0.378828 0.919854 -0.101770 67.865677 -0.925463 0.376213 -0.044512 166.422791 0.000000 0.000000 0.000000 1.000000
-0.002666 0.111051 0.993811 -34.367474 0.378697 0.919907 -0.101777 67.867950 -0.925517 0.376082 -0.044507 166.425766 0.000000 0.000000 0.000000 1.000000</float_array>
          <technique_common>
            <accessor source="#bone2-Matrix-animation-output-transform-array" count="91" stride="16">
              <param type="float4x4"/>
            </accessor>
          </technique_common>
        </source>
        <source id="bone2-Interpolations">
          <Name_array id="bone2-Interpolations-array" count="91">
 LINEAR LINEAR LINEAR LINEAR LINEAR LINEAR LINEAR LINEAR LINEAR LINEAR LINEAR
LINEAR LINEAR LINEAR LINEAR LINEAR LINEAR LINEAR LINEAR LINEAR LINEAR LINEAR LINEAR
LINEAR LINEAR LINEAR LINEAR LINEAR LINEAR LINEAR LINEAR LINEAR LINEAR LINEAR LINEAR
LINEAR LINEAR LINEAR LINEAR LINEAR LINEAR LINEAR LINEAR LINEAR LINEAR LINEAR LINEAR
LINEAR LINEAR LINEAR LINEAR LINEAR LINEAR LINEAR LINEAR LINEAR LINEAR LINEAR LINEAR
LINEAR LINEAR LINEAR LINEAR LINEAR LINEAR LINEAR LINEAR LINEAR LINEAR LINEAR LINEAR
LINEAR LINEAR LINEAR LINEAR LINEAR LINEAR LINEAR LINEAR LINEAR LINEAR LINEAR LINEAR
LINEAR LINEAR LINEAR LINEAR LINEAR LINEAR LINEAR LINEAR</Name_array>
          <technique_common>
            <accessor source="#bone2-Interpolations-array" count="91">
              <param type="name"/>
            </accessor>
