<?xml version="1.0" encoding="utf-8"?>
<COLLADA xmlns="http://www.collada.org/2005/11/COLLADASchema" version="1.4.1">
  <asset>
    <contributor>
      <author/>
      <authoring_tool>FBX COLLADA exporter</authoring_tool>
      <comments/>
    </contributor>
    <created>2025-03-24T07:34:12Z</created>
    <keywords/>
    <modified>2025-03-24T07:34:12Z</modified>
    <revision/>
    <subject/>
    <title/>
    <unit meter="0.010000" name="centimeter"/>
    <up_axis>Y_UP</up_axis>
  </asset>
  <library_animations>
    <animation id="bone_horse_hip-anim" name="bone_horse_hip">
      <animation>
        <source id="bone_horse_hip-Matrix-animation-input">
          <float_array id="bone_horse_hip-Matrix-animation-input-array" count="45">

0.000000 0.033333 0.066667 0.100000 0.133333 0.166667 0.200000 0.233333 0.266667 0.300000 0.333333 0.366667 0.400000 0.433333 0.466667 0.500000
0.533333 0.566667 0.600000 0.633333 0.666667 0.700000 0.733333 0.766667 0.800000 0.833333 0.866667 0.900000 0.933333 0.966667 1.000000 1.033333
1.066667 1.100000 1.133333 1.166667 1.200000 1.233333 1.266667 1.300000 1.333333 1.366667 1.400000 1.433333 1.466667</float_array>
          <technique_common>
            <accessor source="#bone_horse_hip-Matrix-animation-input-array" count="45">
              <param name="TIME" type="float"/>
            </accessor>
          </technique_common>
        </source>
        <source id="bone_horse_hip-Matrix-animation-output-transform">
          <float_array id="bone_horse_hip-Matrix-animation-output-transform-array" count="720">

-0.020337 -0.134759 0.990670 -0.467123 -0.961848 -0.267758 -0.056168 65.945930 0.272829 -0.954016 -0.124172 162.176636 0.000000 0.000000 0.000000 1.000000
-0.020337 -0.134759 0.990670 -0.277952 -0.961848 -0.267758 -0.056168 67.558456 0.272829 -0.954016 -0.124172 161.783279 0.000000 0.000000 0.000000 1.000000
-0.020337 -0.134759 0.990670 0.214834 -0.961848 -0.267758 -0.056168 71.759018 0.272829 -0.954016 -0.124172 160.744812 0.000000 0.000000 0.000000 1.000000
-0.020337 -0.134759 0.990670 0.899211 -0.961848 -0.267758 -0.056168 77.592735 0.272829 -0.954016 -0.124172 159.273438 0.000000 0.000000 0.000000 1.000000
-0.020337 -0.134759 0.990670 1.663113 -0.961848 -0.267758 -0.056168 84.104332 0.272829 -0.954016 -0.124172 157.581482 0.000000 0.000000 0.000000 1.000000
-0.020337 -0.134759 0.990670 2.394461 -0.961848 -0.267758 -0.056168 90.338432 0.272829 -0.954016 -0.124172 155.881256 0.000000 0.000000 0.000000 1.000000
-0.020337 -0.134759 0.990670 2.981245 -0.961848 -0.267758 -0.056168 95.340256 0.272829 -0.954016 -0.124172 154.384979 0.000000 0.000000 0.000000 1.000000
-0.020337 -0.134759 0.990670 3.311383 -0.961848 -0.267758 -0.056168 98.154404 0.272829 -0.954016 -0.124172 153.304993 0.000000 0.000000 0.000000 1.000000
-0.020337 -0.134759 0.990670 3.456145 -0.961848 -0.267758 -0.056168 99.388359 0.272829 -0.954016 -0.124172 152.685501 0.000000 0.000000 0.000000 1.000000
-0.020337 -0.134759 0.990670 3.564934 -0.961848 -0.267758 -0.056168 100.315697 0.272829 -0.954016 -0.124172 152.354614 0.000000 0.000000 0.000000 1.000000
-0.020337 -0.134759 0.990670 3.642884 -0.961848 -0.267758 -0.056168 100.980164 0.272829 -0.954016 -0.124172 152.200363 0.000000 0.000000 0.000000 1.000000
-0.020337 -0.134759 0.990670 3.695136 -0.961848 -0.267758 -0.056168 101.425552 0.272829 -0.954016 -0.124172 152.110794 0.000000 0.000000 0.000000 1.000000
-0.020337 -0.134759 0.990670 3.726830 -0.961848 -0.267758 -0.056168 101.695724 0.272829 -0.954016 -0.124172 151.973938 0.000000 0.000000 0.000000 1.000000
-0.020337 -0.134759 0.990670 3.743105 -0.961848 -0.267758 -0.056168 101.834457 0.272829 -0.954016 -0.124172 151.677856 0.000000 0.000000 0.000000 1.000000
-0.020337 -0.134759 0.990670 3.749102 -0.961848 -0.267758 -0.056168 101.885567 0.272829 -0.954016 -0.124172 151.110580 0.000000 0.000000 0.000000 1.000000
-0.020337 -0.134759 0.990670 3.749958 -0.961848 -0.267758 -0.056168 101.892868 0.272829 -0.954016 -0.124172 150.160172 0.000000 0.000000 0.000000 1.000000
-0.022166 -0.134470 0.990670 3.749958 -0.965397 -0.254662 -0.056167 28.969370 0.259839 -0.957635 -0.124172 118.991722 0.000000 0.000000 0.000000 1.000000
-0.024608 -0.134044 0.990670 3.749958 -0.969869 -0.237063 -0.056168 50.751801 0.242380 -0.962202 -0.124172 134.378296 0.000000 0.000000 0.000000 1.000000
-0.025891 -0.133803 0.990670 3.749958 -0.972096 -0.227762 -0.056168 48.017216 0.233152 -0.964480 -0.124172 133.707245 0.000000 0.000000 0.000000 1.000000
-0.027216 -0.133539 0.990670 3.749958 -0.974305 -0.218116 -0.056168 46.057621 0.223582 -0.966743 -0.124172 133.226303 0.000000 0.000000 0.000000 1.000000
-0.028495 -0.133273 0.990670 3.749958 -0.976351 -0.208769 -0.056168 44.744080 0.214307 -0.968841 -0.124172 132.903915 0.000000 0.000000 0.000000 1.000000
-0.029640 -0.133023 0.990670 3.749958 -0.978110 -0.200367 -0.056169 43.947315 0.205969 -0.970648 -0.124172 132.708374 0.000000 0.000000 0.000000 1.000000
-0.030564 -0.132813 0.990670 3.749958 -0.979480 -0.193558 -0.056168 43.538170 0.199212 -0.972057 -0.124172 132.607956 0.000000 0.000000 0.000000 1.000000
-0.031182 -0.132669 0.990670 3.749958 -0.980370 -0.188996 -0.056168 43.387432 0.194684 -0.972974 -0.124172 132.570969 0.000000 0.000000 0.000000 1.000000
-0.031407 -0.132616 0.990670 3.749958 -0.980690 -0.187331 -0.056168 43.365898 0.193032 -0.973304 -0.124172 132.565674 0.000000 0.000000 0.000000 1.000000
-0.031152 -0.132677 0.990670 3.653002 -0.980327 -0.189221 -0.056168 43.891823 0.194908 -0.972930 -0.124172 133.255356 0.000000 0.000000 0.000000 1.000000
-0.030450 -0.132839 0.990670 3.386987 -0.979313 -0.194399 -0.056168 45.333790 0.200047 -0.971886 -0.124172 135.146332 0.000000 0.000000 0.000000 1.000000
-0.029400 -0.133076 0.990670 2.989158 -0.977747 -0.202126 -0.056168 47.488323 0.207715 -0.970276 -0.124172 137.971741 0.000000 0.000000 0.000000 1.000000
-0.028100 -0.133356 0.990670 2.496782 -0.975728 -0.211661 -0.056168 50.151814 0.217177 -0.968202 -0.124172 141.464584 0.000000 0.000000 0.000000 1.000000
-0.026647 -0.133654 0.990670 1.947140 -0.973367 -0.222266 -0.056168 53.120579 0.227699 -0.965782 -0.124172 145.357742 0.000000 0.000000 0.000000 1.000000
-0.025141 -0.133946 0.990670 1.377457 -0.970804 -0.233206 -0.056168 56.191223 0.238554 -0.963158 -0.124172 149.384521 0.000000 0.000000 0.000000 1.000000
-0.023682 -0.134211 0.990670 0.825014 -0.968209 -0.243755 -0.056168 59.160072 0.249019 -0.960505 -0.124172 153.277802 0.000000 0.000000 0.000000 1.000000
-0.022371 -0.134436 0.990670 0.327087 -0.965783 -0.253195 -0.056168 61.823479 0.258384 -0.958029 -0.124172 156.770554 0.000000 0.000000 0.000000 1.000000
-0.021308 -0.134609 0.990670 -0.079096 -0.963754 -0.260814 -0.056168 63.978024 0.265941 -0.955959 -0.124172 159.595963 0.000000 0.000000 0.000000 1.000000
-0.020597 -0.134719 0.990670 -0.356252 -0.962362 -0.265903 -0.056168 65.420029 0.270989 -0.954540 -0.124172 161.486969 0.000000 0.000000 0.000000 1.000000
-0.020337 -0.134759 0.990670 -0.467122 -0.961848 -0.267758 -0.056168 65.945923 0.272829 -0.954016 -0.124172 162.176636 0.000000 0.000000 0.000000 1.000000
-0.020337 -0.134759 0.990670 -0.480953 -0.961848 -0.267758 -0.056168 65.912811 0.272829 -0.954016 -0.124172 162.128067 0.000000 0.000000 0.000000 1.000000
-0.020337 -0.134759 0.990670 -0.492028 -0.961848 -0.267758 -0.056168 65.822922 0.272829 -0.954016 -0.124172 161.996246 0.000000 0.000000 0.000000 1.000000
-0.020337 -0.134759 0.990670 -0.500653 -0.961848 -0.267758 -0.056168 65.690453 0.272829 -0.954016 -0.124172 161.801971 0.000000 0.000000 0.000000 1.000000
-0.020337 -0.134759 0.990670 -0.507134 -0.961848 -0.267758 -0.056168 65.529594 0.272829 -0.954016 -0.124172 161.566071 0.000000 0.000000 0.000000 1.000000
-0.020337 -0.134759 0.990670 -0.511778 -0.961848 -0.267758 -0.056168 65.354538 0.272829 -0.954016 -0.124172 161.309357 0.000000 0.000000 0.000000 1.000000
-0.020337 -0.134759 0.990670 -0.514891 -0.961848 -0.267758 -0.056168 65.179489 0.272829 -0.954016 -0.124172 161.052643 0.000000 0.000000 0.000000 1.000000
-0.020337 -0.134759 0.990670 -0.516780 -0.961848 -0.267758 -0.056168 65.018631 0.272829 -0.954016 -0.124172 160.816742 0.000000 0.000000 0.000000 1.000000
-0.020337 -0.134759 0.990670 -0.517749 -0.961848 -0.267758 -0.056168 64.886162 0.272829 -0.954016 -0.124172 160.622467 0.000000 0.000000 0.000000 1.000000
-0.020337 -0.134759 0.990670 -0.518107 -0.961848 -0.267758 -0.056168 64.796272 0.272829 -0.954016 -0.124172 160.490631 0.000000 0.000000 0.000000 1.000000</float_array>
          <technique_common>
            <accessor source="#bone_horse_hip-Matrix-animation-output-transform-array" count="45" stride="16">
              <param type="float4x4"/>
            </accessor>
          </technique_common>
        </source>
        <source id="bone_horse_hip-Interpolations">
          <Name_array id="bone_horse_hip-Interpolations-array" count="45">
 LINEAR LINEAR LINEAR LINEAR LINEAR LINEAR LINEAR LINEAR LINEAR LINEAR LINEAR
LINEAR LINEAR LINEAR LINEAR LINEAR LINEAR LINEAR LINEAR LINEAR LINEAR LINEAR LINEAR
LINEAR LINEAR LINEAR LINEAR LINEAR LINEAR LINEAR LINEAR LINEAR LINEAR LINEAR LINEAR
LINEAR LINEAR LINEAR LINEAR LINEAR LINEAR LINEAR LINEAR LINEAR LINEAR</Name_array>
          <technique_common>
            <accessor source="#bone_horse_hip-Interpolations-array" count="45">
              <param type="name"/>
            </accessor>
          </technique_common>
        </source>
        <sampler id="bone_horse_hip-Matrix-animation-transform">
          <input semantic="INPUT" source="#bone_horse_hip-Matrix-animation-input"/>
          <input semantic="OUTPUT" source="#bone_horse_hip-Matrix-animation-output-transform"/>
          <input semantic="INTERPOLATION" source="#bone_horse_hip-Interpolations"/>
        </sampler>
        <channel source="#bone_horse_hip-Matrix-animation-transform" target="bone_horse_hip/matrix"/>
      </animation>
    </animation>
    <animation id="bone_RR_thight-anim" name="bone_RR_thight">
      <animation>
        <source id="bone_RR_thight-Matrix-animation-input">
          <float_array id="bone_RR_thight-Matrix-animation-input-array" count="45">

0.000000 0.033333 0.066667 0.100000 0.133333 0.166667 0.200000 0.233333 0.266667 0.300000 0.333333 0.366667 0.400000 0.433333 0.466667 0.500000
0.533333 0.566667 0.600000 0.633333 0.666667 0.700000 0.733333 0.766667 0.800000 0.833333 0.866667 0.900000 0.933333 0.966667 1.000000 1.033333
1.066667 1.100000 1.133333 1.166667 1.200000 1.233333 1.266667 1.300000 1.333333 1.366667 1.400000 1.433333 1.466667</float_array>
          <technique_common>
            <accessor source="#bone_RR_thight-Matrix-animation-input-array" count="45">
              <param name="TIME" type="float"/>
            </accessor>
          </technique_common>
        </source>
        <source id="bone_RR_thight-Matrix-animation-output-transform">
          <float_array id="bone_RR_thight-Matrix-animation-output-transform-array" count="720">

-0.002660 0.111063 0.993810 -34.367474 0.378697 0.919906 -0.101790 67.867950 -0.925517 0.376082 -0.044506 166.425766 0.000000 0.000000 0.000000 1.000000
-0.001199 0.111167 0.993801 -34.178307 0.399521 0.911095 -0.101433 69.480469 -0.916723 0.396923 -0.045506 166.032425 0.000000 0.000000 0.000000 1.000000
0.000685 0.111436 0.993771 -33.685516 0.437551 0.893560 -0.100501 73.681038 -0.899193 0.434894 -0.048147 164.993958 0.000000 0.000000 0.000000 1.000000
0.001371 0.111954 0.993712 -33.001141 0.474369 0.874719 -0.099202 79.514755 -0.880325 0.471523 -0.051908 163.522583 0.000000 0.000000 0.000000 1.000000
0.000911 0.112764 0.993621 -32.237240 0.505683 0.857165 -0.097742 86.026352 -0.862719 0.502547 -0.056242 161.830612 0.000000 0.000000 0.000000 1.000000
-0.000207 0.113748 0.993510 -31.505892 0.530679 0.842085 -0.096301 92.260452 -0.847573 0.527215 -0.060538 160.130402 0.000000 0.000000 0.000000 1.000000
-0.001363 0.114639 0.993406 -30.919107 0.549389 0.830144 -0.095045 97.262276 -0.835566 0.545637 -0.064113 158.634125 0.000000 0.000000 0.000000 1.000000
-0.001907 0.115057 0.993357 -30.588968 0.561891 0.821840 -0.094112 100.076424 -0.827209 0.557979 -0.066217 157.554123 0.000000 0.000000 0.000000 1.000000
-0.002043 0.115164 0.993344 -30.444208 0.568875 0.817085 -0.093559 101.310379 -0.822421 0.564898 -0.067183 156.934647 0.000000 0.000000 0.000000 1.000000
-0.002301 0.115343 0.993323 -30.335419 0.572314 0.814713 -0.093277 102.237717 -0.820032 0.568278 -0.067887 156.603760 0.000000 0.000000 0.000000 1.000000
-0.002573 0.115529 0.993301 -30.257467 0.573729 0.813730 -0.093157 102.902176 -0.819041 0.569646 -0.068376 156.449493 0.000000 0.000000 0.000000 1.000000
-0.002769 0.115665 0.993284 -30.205215 0.574500 0.813193 -0.093092 103.347572 -0.818500 0.570384 -0.068701 156.359924 0.000000 0.000000 0.000000 1.000000
-0.002812 0.115694 0.993281 -30.173521 0.575951 0.812180 -0.092969 103.617737 -0.817479 0.571820 -0.068918 156.223083 0.000000 0.000000 0.000000 1.000000
-0.002626 0.115561 0.993297 -30.157246 0.579367 0.809781 -0.092679 103.756470 -0.815063 0.575240 -0.069079 155.927002 0.000000 0.000000 0.000000 1.000000
-0.002154 0.115213 0.993338 -30.151251 0.585940 0.805102 -0.092110 103.807587 -0.810352 0.581838 -0.069242 155.359726 0.000000 0.000000 0.000000 1.000000
-0.001367 0.114586 0.993412 -30.150394 0.596678 0.797288 -0.091143 103.814888 -0.802479 0.592623 -0.069461 154.409317 0.000000 0.000000 0.000000 1.000000
-0.033795 0.034982 0.998816 -30.150393 0.833945 0.551776 0.008891 30.891390 -0.550812 0.833258 -0.047820 123.240860 0.000000 0.000000 0.000000 1.000000
-0.023306 0.073495 0.997023 -30.150393 0.768530 0.639150 -0.029149 52.673824 -0.639389 0.765563 -0.071379 138.627441 0.000000 0.000000 0.000000 1.000000
-0.025232 0.070314 0.997206 -30.150393 0.765173 0.643300 -0.025999 49.939240 -0.643330 0.762379 -0.070034 137.956390 0.000000 0.000000 0.000000 1.000000
-0.026679 0.067926 0.997334 -30.150393 0.761241 0.648034 -0.023773 47.979641 -0.647921 0.758577 -0.068997 137.475449 0.000000 0.000000 0.000000 1.000000
-0.027691 0.066265 0.997418 -30.150393 0.757683 0.652241 -0.022297 46.666103 -0.652035 0.755109 -0.068269 137.153061 0.000000 0.000000 0.000000 1.000000
-0.028327 0.065229 0.997468 -30.150393 0.755082 0.655281 -0.021408 45.869339 -0.655018 0.752564 -0.067815 136.957520 0.000000 0.000000 0.000000 1.000000
-0.028661 0.064687 0.997494 -30.150393 0.753595 0.657005 -0.020953 45.460197 -0.656714 0.751106 -0.067578 136.857101 0.000000 0.000000 0.000000 1.000000
-0.028786 0.064485 0.997503 -30.150393 0.753018 0.657671 -0.020785 45.309460 -0.657370 0.750540 -0.067490 136.820114 0.000000 0.000000 0.000000 1.000000
-0.028804 0.064455 0.997505 -30.150393 0.752935 0.657768 -0.020761 45.287926 -0.657465 0.750458 -0.067477 136.814819 0.000000 0.000000 0.000000 1.000000
-0.027685 0.066006 0.997435 -30.247349 0.750127 0.660897 -0.022915 45.813847 -0.660714 0.747569 -0.067810 137.504501 0.000000 0.000000 0.000000 1.000000
-0.024867 0.069901 0.997244 -30.513365 0.739836 0.672176 -0.028667 47.255817 -0.672327 0.737084 -0.068430 139.395477 0.000000 0.000000 0.000000 1.000000
-0.021237 0.075022 0.996956 -30.911192 0.719077 0.693950 -0.036903 49.410351 -0.694606 0.716104 -0.068684 142.220886 0.000000 0.000000 0.000000 1.000000
-0.017853 0.080416 0.996601 -31.403568 0.684853 0.727201 -0.046410 52.073837 -0.728462 0.681698 -0.068056 145.713730 0.000000 0.000000 0.000000 1.000000
-0.007860 0.084554 0.996388 -31.953211 0.711276 0.700846 -0.053863 55.042603 -0.702869 0.708283 -0.065650 149.606888 0.000000 0.000000 0.000000 1.000000
0.000857 0.087494 0.996165 -32.522896 0.718529 0.692776 -0.061465 58.113243 -0.695497 0.715826 -0.062273 153.633667 0.000000 0.000000 0.000000 1.000000
0.008751 0.089352 0.995962 -33.075336 0.717653 0.693026 -0.068480 61.082092 -0.696346 0.715354 -0.058059 157.526947 0.000000 0.000000 0.000000 1.000000
0.010195 0.097063 0.995226 -33.573265 0.638328 0.765470 -0.081194 63.745499 -0.769697 0.636108 -0.054154 161.019684 0.000000 0.000000 0.000000 1.000000
0.008019 0.104221 0.994522 -33.979446 0.541677 0.835545 -0.091929 65.900040 -0.840549 0.539447 -0.049754 163.845108 0.000000 0.000000 0.000000 1.000000
0.002283 0.109293 0.994007 -34.256603 0.440196 0.892412 -0.099133 67.342049 -0.897898 0.437785 -0.046073 165.736115 0.000000 0.000000 0.000000 1.000000
-0.002660 0.111062 0.993810 -34.367474 0.378698 0.919906 -0.101790 67.867943 -0.925517 0.376082 -0.044506 166.425766 0.000000 0.000000 0.000000 1.000000
-0.002352 0.111001 0.993817 -34.381306 0.380857 0.919019 -0.101745 67.834831 -0.924631 0.378263 -0.044437 166.377213 0.000000 0.000000 0.000000 1.000000
-0.001712 0.110868 0.993834 -34.392380 0.386474 0.916687 -0.101596 67.744942 -0.922299 0.383917 -0.044417 166.245377 0.000000 0.000000 0.000000 1.000000
-0.000879 0.110676 0.993856 -34.401005 0.394232 0.913403 -0.101368 67.612473 -0.919010 0.391721 -0.044435 166.051102 0.000000 0.000000 0.000000 1.000000
0.000026 0.110437 0.993883 -34.407486 0.402987 0.909606 -0.101083 67.451614 -0.915206 0.400524 -0.044481 165.815201 0.000000 0.000000 0.000000 1.000000
0.000916 0.110173 0.993912 -34.412128 0.411857 0.905660 -0.100770 67.276558 -0.911248 0.409442 -0.044546 165.558487 0.000000 0.000000 0.000000 1.000000
0.001729 0.109905 0.993941 -34.415241 0.420176 0.901866 -0.100455 67.101509 -0.907441 0.417804 -0.044620 165.301773 0.000000 0.000000 0.000000 1.000000
0.002423 0.109654 0.993967 -34.417130 0.427437 0.898480 -0.100162 66.940651 -0.904042 0.425101 -0.044693 165.065872 0.000000 0.000000 0.000000 1.000000
0.002957 0.109443 0.993988 -34.418102 0.433144 0.895769 -0.099918 66.808182 -0.901320 0.430836 -0.044756 164.871597 0.000000 0.000000 0.000000 1.000000
0.003304 0.109301 0.994003 -34.418457 0.436907 0.893958 -0.099753 66.718292 -0.899500 0.434617 -0.044801 164.739777 0.000000 0.000000 0.000000 1.000000</float_array>
          <technique_common>
            <accessor source="#bone_RR_thight-Matrix-animation-output-transform-array" count="45" stride="16">
              <param type="float4x4"/>
            </accessor>
          </technique_common>
        </source>
        <source id="bone_RR_thight-Interpolations">
          <Name_array id="bone_RR_thight-Interpolations-array" count="45">
 LINEAR LINEAR LINEAR LINEAR LINEAR LINEAR LINEAR LINEAR LINEAR LINEAR LINEAR
LINEAR LINEAR LINEAR LINEAR LINEAR LINEAR LINEAR LINEAR LINEAR LINEAR LINEAR LINEAR
LINEAR LINEAR LINEAR LINEAR LINEAR LINEAR LINEAR LINEAR LINEAR LINEAR LINEAR LINEAR
LINEAR LINEAR LINEAR LINEAR LINEAR LINEAR LINEAR LINEAR LINEAR LINEAR</Name_array>
          <technique_common>
            <accessor source="#bone_RR_thight-Interpolations-array" count="45">
              <param type="name"/>
            </accessor>
          </technique_common>
        </source>
        <sampler id="bone_RR_thight-Matrix-animation-transform">
          <input semantic="INPUT" source="#bone_RR_thight-Matrix-animation-input"/>
          <input semantic="OUTPUT" source="#bone_RR_thight-Matrix-animation-output-transform"/>
          <input semantic="INTERPOLATION" source="#bone_RR_thight-Interpolations"/>
        </sampler>
        <channel source="#bone_RR_thight-Matrix-animation-transform" target="bone_RR_thight/matrix"/>
      </animation>
    </animation>
    <animation id="bone_RR_leg-anim" name="bone_RR_leg">
      <animation>
        <source id="bone_RR_leg-Matrix-animation-input">
          <float_array id="bone_RR_leg-Matrix-animation-input-array" count="45">

0.000000 0.033333 0.066667 0.100000 0.133333 0.166667 0.200000 0.233333 0.266667 0.300000 0.333333 0.366667 0.400000 0.433333 0.466667 0.500000
0.533333 0.566667 0.600000 0.633333 0.666667 0.700000 0.733333 0.766667 0.800000 0.833333 0.866667 0.900000 0.933333 0.966667 1.000000 1.033333
1.066667 1.100000 1.133333 1.166667 1.200000 1.233333 1.266667 1.300000 1.333333 1.366667 1.400000 1.433333 1.466667</float_array>
          <technique_common>
            <accessor source="#bone_RR_leg-Matrix-animation-input-array" count="45">
              <param name="TIME" type="float"/>
            </accessor>
          </technique_common>
        </source>
        <source id="bone_RR_leg-Matrix-animation-output-transform">
          <float_array id="bone_RR_leg-Matrix-animation-output-transform-array" count="720">

-0.023980 0.108473 0.993810 -34.608379 0.194645 0.975578 -0.101786 102.164978 -0.980581 0.190999 -0.044508 82.605606 0.000000 0.000000 0.000000 1.000000
-0.028830 0.107372 0.993801 -34.286877 0.160191 0.981860 -0.101435 105.663452 -0.986665 0.156274 -0.045507 83.008659 0.000000 0.000000 0.000000 1.000000
-0.038840 0.104456 0.993771 -33.623474 0.092596 0.990619 -0.100506 113.308212 -0.994946 0.088115 -0.048148 83.557777 0.000000 0.000000 0.000000 1.000000
-0.050104 0.100128 0.993712 -32.876934 0.020583 0.994854 -0.099205 122.476395 -0.998532 0.015483 -0.051907 83.795235 0.000000 0.000000 0.000000 1.000000
-0.061001 0.094842 0.993621 -32.154694 -0.046433 0.994128 -0.097740 131.823975 -0.997057 -0.052099 -0.056239 83.697777 0.000000 0.000000 0.000000 1.000000
-0.070508 0.089253 0.993511 -31.524601 -0.103780 0.989928 -0.096296 140.321762 -0.992098 -0.109896 -0.060535 83.369217 0.000000 0.000000 0.000000 1.000000
-0.077781 0.084221 0.993407 -31.042545 -0.147956 0.984416 -0.095043 147.018143 -0.985931 -0.154373 -0.064108 82.960426 0.000000 0.000000 0.000000 1.000000
-0.082019 0.080704 0.993357 -30.761662 -0.175508 0.979969 -0.094107 150.964523 -0.981055 -0.182061 -0.066212 82.637230 0.000000 0.000000 0.000000 1.000000
-0.084018 0.078786 0.993345 -30.629187 -0.189642 0.977386 -0.093560 152.831039 -0.978252 -0.196241 -0.067177 82.451363 0.000000 0.000000 0.000000 1.000000
-0.085307 0.077663 0.993323 -30.543798 -0.197791 0.975796 -0.093279 154.069778 -0.976525 -0.204428 -0.067881 82.336906 0.000000 0.000000 0.000000 1.000000
-0.086112 0.077057 0.993301 -30.490437 -0.202197 0.974904 -0.093159 154.862442 -0.975552 -0.208864 -0.068370 82.272369 0.000000 0.000000 0.000000 1.000000
-0.086631 0.076682 0.993285 -30.456007 -0.204907 0.974344 -0.093091 155.377670 -0.974940 -0.211596 -0.068696 82.231812 0.000000 0.000000 0.000000 1.000000
-0.087052 0.076252 0.993281 -30.428143 -0.207895 0.973723 -0.092970 155.779236 -0.974270 -0.214591 -0.068912 82.187386 0.000000 0.000000 0.000000 1.000000
-0.087551 0.075469 0.993297 -30.395052 -0.213078 0.972629 -0.092680 156.227280 -0.973105 -0.219764 -0.069074 82.110138 0.000000 0.000000 0.000000 1.000000
-0.088287 0.074052 0.993339 -30.346260 -0.222250 0.970629 -0.092112 156.873734 -0.970984 -0.228902 -0.069236 81.969559 0.000000 0.000000 0.000000 1.000000
-0.089376 0.071718 0.993413 -30.274118 -0.236951 0.967237 -0.091146 157.853531 -0.967402 -0.243536 -0.069454 81.732079 0.000000 0.000000 0.000000 1.000000
-0.045064 0.018304 0.998816 -33.210983 0.539115 0.842186 0.008890 106.418289 -0.841025 0.538878 -0.047821 73.356140 0.000000 0.000000 0.000000 1.000000
-0.059396 0.049160 0.997023 -32.261055 0.299842 0.953543 -0.029154 122.276329 -0.952138 0.297218 -0.071377 80.720581 0.000000 0.000000 0.000000 1.000000
-0.056765 0.048561 0.997206 -32.435474 0.345691 0.937988 -0.025999 119.237755 -0.936630 0.343249 -0.070032 79.692657 0.000000 0.000000 0.000000 1.000000
-0.054787 0.048209 0.997334 -32.566551 0.380632 0.924421 -0.023775 116.922012 -0.923102 0.378315 -0.068996 78.795975 0.000000 0.000000 0.000000 1.000000
-0.053403 0.048019 0.997418 -32.658272 0.405312 0.913906 -0.022297 115.286324 -0.912617 0.403074 -0.068268 78.101028 0.000000 0.000000 0.000000 1.000000
-0.052535 0.047930 0.997468 -32.715851 0.420889 0.906859 -0.021408 114.253937 -0.905590 0.418698 -0.067815 77.635246 0.000000 0.000000 0.000000 1.000000
-0.052078 0.047893 0.997494 -32.746098 0.429095 0.903016 -0.020954 113.710098 -0.901757 0.426928 -0.067578 77.381226 0.000000 0.000000 0.000000 1.000000
-0.051908 0.047881 0.997503 -32.757370 0.432156 0.901559 -0.020787 113.507179 -0.900304 0.429998 -0.067490 77.284897 0.000000 0.000000 0.000000 1.000000
-0.051884 0.047879 0.997505 -32.758987 0.432596 0.901349 -0.020763 113.478073 -0.900094 0.430439 -0.067478 77.271004 0.000000 0.000000 0.000000 1.000000
-0.051949 0.049241 0.997435 -32.754635 0.419949 0.907258 -0.022918 113.749718 -0.906060 0.417681 -0.067810 77.666397 0.000000 0.000000 0.000000 1.000000
-0.051787 0.053129 0.997244 -32.765400 0.391495 0.919734 -0.028669 114.259689 -0.918722 0.388932 -0.068430 78.505608 0.000000 0.000000 0.000000 1.000000
-0.050744 0.059196 0.996956 -32.834526 0.361711 0.931560 -0.036903 114.534111 -0.930908 0.358737 -0.068683 79.313293 0.000000 0.000000 0.000000 1.000000
-0.047939 0.066989 0.996601 -33.020416 0.345087 0.937422 -0.046411 114.098160 -0.937346 0.341689 -0.068056 79.739967 0.000000 0.000000 0.000000 1.000000
-0.053302 0.066105 0.996388 -32.665009 0.205103 0.977257 -0.053864 119.459831 -0.977288 0.201492 -0.065648 85.950920 0.000000 0.000000 0.000000 1.000000
-0.056617 0.066706 0.996165 -32.445293 0.089777 0.994063 -0.061463 123.187393 -0.994351 0.085953 -0.062270 90.645424 0.000000 0.000000 0.000000 1.000000
-0.059068 0.067607 0.995962 -32.282738 -0.012907 0.997569 -0.068481 126.076912 -0.998170 -0.016900 -0.058052 94.461784 0.000000 0.000000 0.000000 1.000000
-0.053528 0.081605 0.995226 -32.649925 0.009816 0.996650 -0.081194 121.556152 -0.998518 0.005423 -0.054150 91.311401 0.000000 0.000000 0.000000 1.000000
-0.044427 0.094616 0.994522 -33.253212 0.059095 0.994011 -0.091927 114.957451 -0.997263 0.054687 -0.049752 87.720131 0.000000 0.000000 0.000000 1.000000
-0.032407 0.104405 0.994007 -34.049854 0.135304 0.985833 -0.099135 107.208809 -0.990274 0.131280 -0.046074 84.417213 0.000000 0.000000 0.000000 1.000000
-0.023980 0.108473 0.993810 -34.608376 0.194644 0.975578 -0.101786 102.165031 -0.980581 0.190999 -0.044508 82.605621 0.000000 0.000000 0.000000 1.000000
-0.024192 0.108360 0.993817 -34.594288 0.192194 0.976068 -0.101746 102.327431 -0.981059 0.188544 -0.044439 82.637245 0.000000 0.000000 0.000000 1.000000
-0.024900 0.108052 0.993833 -34.547379 0.185875 0.977307 -0.101598 102.746269 -0.982258 0.182199 -0.044419 82.716652 0.000000 0.000000 0.000000 1.000000
-0.025907 0.107608 0.993856 -34.480618 0.177272 0.978928 -0.101370 103.316422 -0.983821 0.173557 -0.044437 82.820190 0.000000 0.000000 0.000000 1.000000
-0.027046 0.107077 0.993883 -34.405128 0.167736 0.980636 -0.101086 103.948456 -0.985461 0.163976 -0.044483 82.928864 0.000000 0.000000 0.000000 1.000000
-0.028192 0.106513 0.993912 -34.329174 0.158257 0.982242 -0.100774 104.576691 -0.986995 0.154452 -0.044548 83.030563 0.000000 0.000000 0.000000 1.000000
-0.029256 0.105955 0.993940 -34.258652 0.149531 0.983641 -0.100456 105.155029 -0.988324 0.145686 -0.044621 83.118622 0.000000 0.000000 0.000000 1.000000
-0.030176 0.105448 0.993967 -34.197685 0.142033 0.984781 -0.100162 105.651802 -0.989402 0.138154 -0.044694 83.190575 0.000000 0.000000 0.000000 1.000000
-0.030892 0.105032 0.993989 -34.150265 0.136234 0.985626 -0.099914 106.036224 -0.990195 0.132329 -0.044757 83.242836 0.000000 0.000000 0.000000 1.000000
-0.031361 0.104759 0.994003 -34.119186 0.132449 0.986157 -0.099753 106.287140 -0.990694 0.128526 -0.044802 83.275780 0.000000 0.000000 0.000000 1.000000</float_array>
          <technique_common>
            <accessor source="#bone_RR_leg-Matrix-animation-output-transform-array" count="45" stride="16">
              <param type="float4x4"/>
            </accessor>
          </technique_common>
        </source>
        <source id="bone_RR_leg-Interpolations">
          <Name_array id="bone_RR_leg-Interpolations-array" count="45">
 LINEAR LINEAR LINEAR LINEAR LINEAR LINEAR LINEAR LINEAR LINEAR LINEAR LINEAR
LINEAR LINEAR LINEAR LINEAR LINEAR LINEAR LINEAR LINEAR LINEAR LINEAR LINEAR LINEAR
LINEAR LINEAR LINEAR LINEAR LINEAR LINEAR LINEAR LINEAR LINEAR LINEAR LINEAR LINEAR
LINEAR LINEAR LINEAR LINEAR LINEAR LINEAR LINEAR LINEAR LINEAR LINEAR</Name_array>
          <technique_common>
            <accessor source="#bone_RR_leg-Interpolations-array" count="45">
              <param type="name"/>
            </accessor>
          </technique_common>
        </source>
        <sampler id="bone_RR_leg-Matrix-animation-transform">
          <input semantic="INPUT" source="#bone_RR_leg-Matrix-animation-input"/>
          <input semantic="OUTPUT" source="#bone_RR_leg-Matrix-animation-output-transform"/>
          <input semantic="INTERPOLATION" source="#bone_RR_leg-Interpolations"/>
        </sampler>
        <channel source="#bone_RR_leg-Matrix-animation-transform" target="bone_RR_leg/matrix"/>
      </animation>
    </animation>
    <animation id="bone_RR_foot-anim" name="bone_RR_foot">
      <animation>
        <source id="bone_RR_foot-Matrix-animation-input">
          <float_array id="bone_RR_foot-Matrix-animation-input-array" count="45">

0.000000 0.033333 0.066667 0.100000 0.133333 0.166667 0.200000 0.233333 0.266667 0.300000 0.333333 0.366667 0.400000 0.433333 0.466667 0.500000
0.533333 0.566667 0.600000 0.633333 0.666667 0.700000 0.733333 0.766667 0.800000 0.833333 0.866667 0.900000 0.933333 0.966667 1.000000 1.033333
1.066667 1.100000 1.133333 1.166667 1.200000 1.233333 1.266667 1.300000 1.333333 1.366667 1.400000 1.433333 1.466667</float_array>
          <technique_common>
            <accessor source="#bone_RR_foot-Matrix-animation-input-array" count="45">
              <param name="TIME" type="float"/>
            </accessor>
          </technique_common>
        </source>
        <source id="bone_RR_foot-Matrix-animation-output-transform">
          <float_array id="bone_RR_foot-Matrix-animation-output-transform-array" count="720">

0.000005 -0.371391 -0.928477 -36.197678 -0.000000 -0.928477 0.371391 115.065445 -1.000000 -0.000002 -0.000005 17.615627 0.000000 0.000000 0.000000 1.000000
0.000005 -0.371391 -0.928477 -36.197678 -0.000000 -0.928477 0.371391 116.280426 -1.000000 -0.000002 -0.000005 17.615442 0.000000 0.000000 0.000000 1.000000
0.000005 -0.371391 -0.928477 -36.197674 -0.000000 -0.928477 0.371391 119.445198 -1.000000 -0.000002 -0.000005 17.615730 0.000000 0.000000 0.000000 1.000000
0.000005 -0.371391 -0.928477 -36.197678 -0.000000 -0.928477 0.371391 123.840591 -1.000000 -0.000002 -0.000005 17.615520 0.000000 0.000000 0.000000 1.000000
0.000005 -0.371391 -0.928477 -36.197666 -0.000000 -0.928477 0.371391 128.746567 -1.000000 -0.000002 -0.000005 17.615816 0.000000 0.000000 0.000000 1.000000
0.000005 -0.371391 -0.928477 -36.197662 -0.000000 -0.928477 0.371391 133.443512 -1.000000 -0.000002 -0.000005 17.615953 0.000000 0.000000 0.000000 1.000000
0.000005 -0.371391 -0.928476 -36.197662 -0.000000 -0.928476 0.371391 137.212082 -1.000000 -0.000002 -0.000005 17.615908 0.000000 0.000000 0.000000 1.000000
0.000005 -0.371391 -0.928476 -36.197662 -0.000000 -0.928476 0.371391 139.332382 -1.000000 -0.000002 -0.000005 17.615829 0.000000 0.000000 0.000000 1.000000
0.000005 -0.371391 -0.928476 -36.197662 -0.000000 -0.928476 0.371391 140.262100 -1.000000 -0.000002 -0.000005 17.615782 0.000000 0.000000 0.000000 1.000000
0.000005 -0.371391 -0.928476 -36.197666 -0.000000 -0.928476 0.371391 140.960800 -1.000000 -0.000002 -0.000005 17.615753 0.000000 0.000000 0.000000 1.000000
0.000005 -0.371391 -0.928476 -36.197666 -0.000000 -0.928476 0.371391 141.461426 -1.000000 -0.000002 -0.000005 17.615740 0.000000 0.000000 0.000000 1.000000
0.000005 -0.371391 -0.928476 -36.197666 -0.000000 -0.928476 0.371391 141.797012 -1.000000 -0.000002 -0.000005 17.615732 0.000000 0.000000 0.000000 1.000000
0.000005 -0.371391 -0.928476 -36.197666 -0.000000 -0.928476 0.371391 142.000565 -1.000000 -0.000002 -0.000005 17.615723 0.000000 0.000000 0.000000 1.000000
0.000005 -0.371391 -0.928476 -36.197666 -0.000000 -0.928476 0.371391 142.105103 -1.000000 -0.000002 -0.000005 17.615702 0.000000 0.000000 0.000000 1.000000
0.000005 -0.371391 -0.928476 -36.197670 -0.000000 -0.928476 0.371391 142.143616 -1.000000 -0.000002 -0.000005 17.615665 0.000000 0.000000 0.000000 1.000000
0.000005 -0.371391 -0.928476 -36.197670 -0.000000 -0.928476 0.371391 142.149139 -1.000000 -0.000002 -0.000005 17.615610 0.000000 0.000000 0.000000 1.000000
0.000005 -0.371391 -0.928477 -36.197678 -0.000000 -0.928477 0.371391 142.149185 -1.000000 -0.000002 -0.000005 17.615442 0.000000 0.000000 0.000000 1.000000
0.000005 -0.371391 -0.928477 -36.197662 -0.000000 -0.928477 0.371391 142.148956 -1.000000 -0.000002 -0.000005 17.615738 0.000000 0.000000 0.000000 1.000000
0.000005 -0.371391 -0.928477 -36.197670 -0.000000 -0.928477 0.371391 142.149063 -1.000000 -0.000002 -0.000005 17.615599 0.000000 0.000000 0.000000 1.000000
0.000005 -0.371391 -0.928477 -36.197674 -0.000000 -0.928477 0.371391 142.149124 -1.000000 -0.000002 -0.000005 17.615503 0.000000 0.000000 0.000000 1.000000
0.000005 -0.371391 -0.928477 -36.197678 -0.000000 -0.928477 0.371391 142.149170 -1.000000 -0.000002 -0.000005 17.615459 0.000000 0.000000 0.000000 1.000000
0.000005 -0.371391 -0.928477 -36.197678 -0.000000 -0.928477 0.371391 142.149170 -1.000000 -0.000002 -0.000005 17.615444 0.000000 0.000000 0.000000 1.000000
0.000005 -0.371391 -0.928477 -36.197678 -0.000000 -0.928477 0.371391 142.149185 -1.000000 -0.000002 -0.000005 17.615440 0.000000 0.000000 0.000000 1.000000
0.000005 -0.371391 -0.928477 -36.197678 -0.000000 -0.928477 0.371391 142.149185 -1.000000 -0.000002 -0.000005 17.615440 0.000000 0.000000 0.000000 1.000000
0.000005 -0.371391 -0.928477 -36.197678 -0.000000 -0.928477 0.371391 142.149185 -1.000000 -0.000002 -0.000005 17.615440 0.000000 0.000000 0.000000 1.000000
0.000005 -0.371391 -0.928477 -36.197678 -0.000000 -0.928477 0.371391 141.582642 -1.000000 -0.000002 -0.000005 17.615442 0.000000 0.000000 0.000000 1.000000
0.000005 -0.371391 -0.928477 -36.197678 -0.000000 -0.928477 0.371391 140.206802 -1.000000 -0.000002 -0.000005 17.615450 0.000000 0.000000 0.000000 1.000000
0.000005 -0.371391 -0.928477 -36.197678 -0.000000 -0.928477 0.371391 138.507202 -1.000000 -0.000002 -0.000005 17.615452 0.000000 0.000000 0.000000 1.000000
0.000005 -0.371391 -0.928477 -36.197678 -0.000000 -0.928477 0.371391 136.969437 -1.000000 -0.000002 -0.000005 17.615475 0.000000 0.000000 0.000000 1.000000
0.000005 -0.371391 -0.928477 -36.197666 -0.000000 -0.928477 0.371391 133.053452 -1.000000 -0.000002 -0.000005 21.179199 0.000000 0.000000 0.000000 1.000000
0.000005 -0.371391 -0.928477 -36.197666 -0.000000 -0.928477 0.371391 129.137497 -1.000000 -0.000002 -0.000005 24.742781 0.000000 0.000000 0.000000 1.000000
0.000005 -0.371391 -0.928477 -36.197670 -0.000000 -0.928477 0.371391 125.221710 -1.000000 -0.000002 -0.000005 28.306030 0.000000 0.000000 0.000000 1.000000
0.000005 -0.371391 -0.928477 -36.197670 -0.000000 -0.928477 0.371391 122.206528 -1.000000 -0.000002 -0.000005 25.132607 0.000000 0.000000 0.000000 1.000000
0.000005 -0.371391 -0.928477 -36.197674 -0.000000 -0.928477 0.371391 118.874077 -1.000000 -0.000002 -0.000005 21.624496 0.000000 0.000000 0.000000 1.000000
0.000005 -0.371391 -0.928477 -36.197678 -0.000000 -0.928477 0.371391 116.176315 -1.000000 -0.000002 -0.000005 18.784792 0.000000 0.000000 0.000000 1.000000
0.000005 -0.371391 -0.928477 -36.197678 -0.000000 -0.928477 0.371391 115.065453 -1.000000 -0.000002 -0.000005 17.615639 0.000000 0.000000 0.000000 1.000000
0.000005 -0.371391 -0.928477 -36.197678 -0.000000 -0.928477 0.371391 115.065453 -1.000000 -0.000002 -0.000005 17.615583 0.000000 0.000000 0.000000 1.000000
0.000005 -0.371391 -0.928477 -36.197678 -0.000000 -0.928477 0.371391 115.065475 -1.000000 -0.000002 -0.000005 17.615511 0.000000 0.000000 0.000000 1.000000
0.000005 -0.371391 -0.928477 -36.197678 -0.000000 -0.928477 0.371391 115.065491 -1.000000 -0.000002 -0.000005 17.615463 0.000000 0.000000 0.000000 1.000000
0.000005 -0.371391 -0.928477 -36.197678 -0.000000 -0.928477 0.371391 115.065498 -1.000000 -0.000002 -0.000005 17.615444 0.000000 0.000000 0.000000 1.000000
0.000005 -0.371391 -0.928477 -36.197678 -0.000000 -0.928477 0.371391 115.065498 -1.000000 -0.000002 -0.000005 17.615438 0.000000 0.000000 0.000000 1.000000
0.000005 -0.371391 -0.928477 -36.197678 -0.000000 -0.928477 0.371391 115.065506 -1.000000 -0.000002 -0.000005 17.615438 0.000000 0.000000 0.000000 1.000000
0.000005 -0.371391 -0.928477 -36.197674 -0.000000 -0.928477 0.371391 115.065331 -1.000000 -0.000002 -0.000005 17.615961 0.000000 0.000000 0.000000 1.000000
0.000005 -0.371391 -0.928477 -36.197678 -0.000000 -0.928477 0.371391 115.065430 -1.000000 -0.000002 -0.000005 17.615665 0.000000 0.000000 0.000000 1.000000
0.000005 -0.371391 -0.928477 -36.197678 -0.000000 -0.928477 0.371391 115.065460 -1.000000 -0.000002 -0.000005 17.615555 0.000000 0.000000 0.000000 1.000000</float_array>
          <technique_common>
            <accessor source="#bone_RR_foot-Matrix-animation-output-transform-array" count="45" stride="16">
              <param type="float4x4"/>
            </accessor>
          </technique_common>
        </source>
        <source id="bone_RR_foot-Interpolations">
          <Name_array id="bone_RR_foot-Interpolations-array" count="45">
 LINEAR LINEAR LINEAR LINEAR LINEAR LINEAR LINEAR LINEAR LINEAR LINEAR LINEAR
LINEAR LINEAR LINEAR LINEAR LINEAR LINEAR LINEAR LINEAR LINEAR LINEAR LINEAR LINEAR
LINEAR LINEAR LINEAR LINEAR LINEAR LINEAR LINEAR LINEAR LINEAR LINEAR LINEAR LINEAR
LINEAR LINEAR LINEAR LINEAR LINEAR LINEAR LINEAR LINEAR LINEAR LINEAR</Name_array>
          <technique_common>
            <accessor source="#bone_RR_foot-Interpolations-array" count="45">
              <param type="name"/>
            </accessor>
          </technique_common>
        </source>
        <sampler id="bone_RR_foot-Matrix-animation-transform">
          <input semantic="INPUT" source="#bone_RR_foot-Matrix-animation-input"/>
          <input semantic="OUTPUT" source="#bone_RR_foot-Matrix-animation-output-transform"/>
          <input semantic="INTERPOLATION" source="#bone_RR_foot-Interpolations"/>
        </sampler>
        <channel source="#bone_RR_foot-Matrix-animation-transform" target="bone_RR_foot/matrix"/>
      </animation>
    </animation>
    <animation id="bone_RR_cloth01-anim" name="bone_RR_cloth01">
      <animation>
        <source id="bone_RR_cloth01-Matrix-animation-input">
          <float_array id="bone_RR_cloth01-Matrix-animation-input-array" count="45">

0.000000 0.033333 0.066667 0.100000 0.133333 0.166667 0.200000 0.233333 0.266667 0.300000 0.333333 0.366667 0.400000 0.433333 0.466667 0.500000
0.533333 0.566667 0.600000 0.633333 0.666667 0.700000 0.733333 0.766667 0.800000 0.833333 0.866667 0.900000 0.933333 0.966667 1.000000 1.033333
1.066667 1.100000 1.133333 1.166667 1.200000 1.233333 1.266667 1.300000 1.333333 1.366667 1.400000 1.433333 1.466667</float_array>
          <technique_common>
            <accessor source="#bone_RR_cloth01-Matrix-animation-input-array" count="45">
              <param name="TIME" type="float"/>
            </accessor>
          </technique_common>
        </source>
        <source id="bone_RR_cloth01-Matrix-animation-output-transform">
          <float_array id="bone_RR_cloth01-Matrix-animation-output-transform-array" count="720">

-0.446609 0.884878 -0.132406 -48.400089 0.076608 -0.109623 -0.991017 76.324600 -0.891443 -0.452741 -0.018830 174.871307 0.000000 0.000000 0.000000 1.000000
-0.445389 0.885400 -0.133027 -48.216492 0.097041 -0.099964 -0.990248 77.753609 -0.890063 -0.453954 -0.041397 174.648727 0.000000 0.000000 0.000000 1.000000
-0.443850 0.886033 -0.133950 -47.729328 0.134695 -0.081817 -0.987503 81.601204 -0.885920 -0.456346 -0.083030 173.926941 0.000000 0.000000 0.000000 1.000000
-0.443402 0.886147 -0.134679 -47.042336 0.171572 -0.063567 -0.983119 87.069664 -0.879749 -0.459024 -0.123852 172.770523 0.000000 0.000000 0.000000 1.000000
-0.444012 0.885752 -0.135266 -46.267342 0.203269 -0.047454 -0.977972 93.250801 -0.872660 -0.461727 -0.158976 171.355301 0.000000 0.000000 0.000000 1.000000
