<?xml version="1.0" encoding="utf-8"?>
<COLLADA xmlns="http://www.collada.org/2005/11/COLLADASchema" version="1.4.1">
  <asset>
    <contributor>
      <author/>
      <authoring_tool>FBX COLLADA exporter</authoring_tool>
      <comments/>
    </contributor>
    <created>2024-01-18T09:45:13Z</created>
    <keywords/>
    <modified>2024-01-18T09:45:13Z</modified>
    <revision/>
    <subject/>
    <title/>
    <unit meter="0.010000" name="centimeter"/>
    <up_axis>Y_UP</up_axis>
  </asset>
  <library_animations>
    <animation id="root-anim" name="root">
      <animation>
        <source id="root-Matrix-animation-input">
          <float_array id="root-Matrix-animation-input-array" count="41">

0.000000 0.033333 0.066667 0.100000 0.133333 0.166667 0.200000 0.233333 0.266667 0.300000 0.333333 0.366667 0.400000 0.433333 0.466667 0.500000
0.533333 0.566667 0.600000 0.633333 0.666667 0.700000 0.733333 0.766667 0.800000 0.833333 0.866667 0.900000 0.933333 0.966667 1.000000 1.033333
1.066667 1.100000 1.133333 1.166667 1.200000 1.233333 1.266667 1.300000 1.333333</float_array>
          <technique_common>
            <accessor source="#root-Matrix-animation-input-array" count="41">
              <param name="TIME" type="float"/>
            </accessor>
          </technique_common>
        </source>
        <source id="root-Matrix-animation-output-transform">
          <float_array id="root-Matrix-animation-output-transform-array" count="656">

1.000000 0.000000 0.000000 0.000000 0.000000 0.000000 1.000000 0.000000 0.000000 -1.000000 0.000000 0.000000 0.000000 0.000000 0.000000 1.000000
1.000000 0.000000 0.000000 0.000000 0.000000 0.000000 1.000000 0.000000 0.000000 -1.000000 0.000000 0.000000 0.000000 0.000000 0.000000 1.000000
1.000000 0.000000 0.000000 0.000000 0.000000 0.000000 1.000000 0.000000 0.000000 -1.000000 0.000000 0.000000 0.000000 0.000000 0.000000 1.000000
1.000000 0.000000 0.000000 0.000000 0.000000 0.000000 1.000000 0.000000 0.000000 -1.000000 0.000000 0.000000 0.000000 0.000000 0.000000 1.000000
1.000000 0.000000 0.000000 0.000000 0.000000 0.000000 1.000000 0.000000 0.000000 -1.000000 0.000000 0.000000 0.000000 0.000000 0.000000 1.000000
1.000000 0.000000 0.000000 0.000000 0.000000 0.000000 1.000000 0.000000 0.000000 -1.000000 0.000000 0.000000 0.000000 0.000000 0.000000 1.000000
1.000000 0.000000 0.000000 0.000000 0.000000 0.000000 1.000000 0.000000 0.000000 -1.000000 0.000000 0.000000 0.000000 0.000000 0.000000 1.000000
1.000000 0.000000 0.000000 0.000000 0.000000 0.000000 1.000000 0.000000 0.000000 -1.000000 0.000000 0.000000 0.000000 0.000000 0.000000 1.000000
1.000000 0.000000 0.000000 0.000000 0.000000 0.000000 1.000000 0.000000 0.000000 -1.000000 0.000000 0.000000 0.000000 0.000000 0.000000 1.000000
1.000000 0.000000 0.000000 0.000000 0.000000 0.000000 1.000000 0.000000 0.000000 -1.000000 0.000000 0.000000 0.000000 0.000000 0.000000 1.000000
1.000000 0.000000 0.000000 0.000000 0.000000 0.000000 1.000000 0.000000 0.000000 -1.000000 0.000000 0.000000 0.000000 0.000000 0.000000 1.000000
1.000000 0.000000 0.000000 0.000000 0.000000 0.000000 1.000000 0.000000 0.000000 -1.000000 0.000000 0.000000 0.000000 0.000000 0.000000 1.000000
1.000000 0.000000 0.000000 0.000000 0.000000 0.000000 1.000000 0.000000 0.000000 -1.000000 0.000000 0.000000 0.000000 0.000000 0.000000 1.000000
1.000000 0.000000 0.000000 0.000000 0.000000 0.000000 1.000000 0.000000 0.000000 -1.000000 0.000000 0.000000 0.000000 0.000000 0.000000 1.000000
1.000000 0.000000 0.000000 0.000000 0.000000 0.000000 1.000000 0.000000 0.000000 -1.000000 0.000000 0.000000 0.000000 0.000000 0.000000 1.000000
1.000000 0.000000 0.000000 0.000000 0.000000 0.000000 1.000000 0.000000 0.000000 -1.000000 0.000000 0.000000 0.000000 0.000000 0.000000 1.000000
1.000000 0.000000 0.000000 0.000000 0.000000 0.000000 1.000000 0.000000 0.000000 -1.000000 0.000000 0.000000 0.000000 0.000000 0.000000 1.000000
1.000000 0.000000 0.000000 0.000000 0.000000 0.000000 1.000000 0.000000 0.000000 -1.000000 0.000000 0.000000 0.000000 0.000000 0.000000 1.000000
1.000000 0.000000 0.000000 0.000000 0.000000 0.000000 1.000000 0.000000 0.000000 -1.000000 0.000000 0.000000 0.000000 0.000000 0.000000 1.000000
1.000000 0.000000 0.000000 0.000000 0.000000 0.000000 1.000000 0.000000 0.000000 -1.000000 0.000000 0.000000 0.000000 0.000000 0.000000 1.000000
1.000000 0.000000 0.000000 0.000000 0.000000 0.000000 1.000000 0.000000 0.000000 -1.000000 0.000000 0.000000 0.000000 0.000000 0.000000 1.000000
1.000000 0.000000 0.000000 0.000000 0.000000 0.000000 1.000000 0.000000 0.000000 -1.000000 0.000000 0.000000 0.000000 0.000000 0.000000 1.000000
1.000000 0.000000 0.000000 0.000000 0.000000 0.000000 1.000000 0.000000 0.000000 -1.000000 0.000000 0.000000 0.000000 0.000000 0.000000 1.000000
1.000000 0.000000 0.000000 0.000000 0.000000 0.000000 1.000000 0.000000 0.000000 -1.000000 0.000000 0.000000 0.000000 0.000000 0.000000 1.000000
1.000000 0.000000 0.000000 0.000000 0.000000 0.000000 1.000000 0.000000 0.000000 -1.000000 0.000000 0.000000 0.000000 0.000000 0.000000 1.000000
1.000000 0.000000 0.000000 0.000000 0.000000 0.000000 1.000000 0.000000 0.000000 -1.000000 0.000000 0.000000 0.000000 0.000000 0.000000 1.000000
1.000000 0.000000 0.000000 0.000000 0.000000 0.000000 1.000000 0.000000 0.000000 -1.000000 0.000000 0.000000 0.000000 0.000000 0.000000 1.000000
1.000000 0.000000 0.000000 0.000000 0.000000 0.000000 1.000000 0.000000 0.000000 -1.000000 0.000000 0.000000 0.000000 0.000000 0.000000 1.000000
1.000000 0.000000 0.000000 0.000000 0.000000 0.000000 1.000000 0.000000 0.000000 -1.000000 0.000000 0.000000 0.000000 0.000000 0.000000 1.000000
1.000000 0.000000 0.000000 0.000000 0.000000 0.000000 1.000000 0.000000 0.000000 -1.000000 0.000000 0.000000 0.000000 0.000000 0.000000 1.000000
1.000000 0.000000 0.000000 0.000000 0.000000 0.000000 1.000000 0.000000 0.000000 -1.000000 0.000000 0.000000 0.000000 0.000000 0.000000 1.000000
1.000000 0.000000 0.000000 0.000000 0.000000 0.000000 1.000000 0.000000 0.000000 -1.000000 0.000000 0.000000 0.000000 0.000000 0.000000 1.000000
1.000000 0.000000 0.000000 0.000000 0.000000 0.000000 1.000000 0.000000 0.000000 -1.000000 0.000000 0.000000 0.000000 0.000000 0.000000 1.000000
1.000000 0.000000 0.000000 0.000000 0.000000 0.000000 1.000000 0.000000 0.000000 -1.000000 0.000000 0.000000 0.000000 0.000000 0.000000 1.000000
1.000000 0.000000 0.000000 0.000000 0.000000 0.000000 1.000000 0.000000 0.000000 -1.000000 0.000000 0.000000 0.000000 0.000000 0.000000 1.000000
1.000000 0.000000 0.000000 0.000000 0.000000 0.000000 1.000000 0.000000 0.000000 -1.000000 0.000000 0.000000 0.000000 0.000000 0.000000 1.000000
1.000000 0.000000 0.000000 0.000000 0.000000 0.000000 1.000000 0.000000 0.000000 -1.000000 0.000000 0.000000 0.000000 0.000000 0.000000 1.000000
1.000000 0.000000 0.000000 0.000000 0.000000 0.000000 1.000000 0.000000 0.000000 -1.000000 0.000000 0.000000 0.000000 0.000000 0.000000 1.000000
1.000000 0.000000 0.000000 0.000000 0.000000 0.000000 1.000000 0.000000 0.000000 -1.000000 0.000000 0.000000 0.000000 0.000000 0.000000 1.000000
1.000000 0.000000 0.000000 0.000000 0.000000 0.000000 1.000000 0.000000 0.000000 -1.000000 0.000000 0.000000 0.000000 0.000000 0.000000 1.000000
1.000000 0.000000 0.000000 0.000000 0.000000 0.000000 1.000000 0.000000 0.000000 -1.000000 0.000000 0.000000 0.000000 0.000000 0.000000 1.000000</float_array>
          <technique_common>
            <accessor source="#root-Matrix-animation-output-transform-array" count="41" stride="16">
              <param type="float4x4"/>
            </accessor>
          </technique_common>
        </source>
        <source id="root-Interpolations">
          <Name_array id="root-Interpolations-array" count="41">
 LINEAR LINEAR LINEAR LINEAR LINEAR LINEAR LINEAR LINEAR LINEAR LINEAR LINEAR
LINEAR LINEAR LINEAR LINEAR LINEAR LINEAR LINEAR LINEAR LINEAR LINEAR LINEAR LINEAR
LINEAR LINEAR LINEAR LINEAR LINEAR LINEAR LINEAR LINEAR LINEAR LINEAR LINEAR LINEAR
LINEAR LINEAR LINEAR LINEAR LINEAR LINEAR</Name_array>
          <technique_common>
            <accessor source="#root-Interpolations-array" count="41">
              <param type="name"/>
            </accessor>
          </technique_common>
        </source>
        <sampler id="root-Matrix-animation-transform">
          <input semantic="INPUT" source="#root-Matrix-animation-input"/>
          <input semantic="OUTPUT" source="#root-Matrix-animation-output-transform"/>
          <input semantic="INTERPOLATION" source="#root-Interpolations"/>
        </sampler>
        <channel source="#root-Matrix-animation-transform" target="root/matrix"/>
      </animation>
    </animation>
    <animation id="bone_FL_leg-anim" name="bone_FL_leg">
      <animation>
        <source id="bone_FL_leg-Matrix-animation-input">
          <float_array id="bone_FL_leg-Matrix-animation-input-array" count="41">

0.000000 0.033333 0.066667 0.100000 0.133333 0.166667 0.200000 0.233333 0.266667 0.300000 0.333333 0.366667 0.400000 0.433333 0.466667 0.500000
0.533333 0.566667 0.600000 0.633333 0.666667 0.700000 0.733333 0.766667 0.800000 0.833333 0.866667 0.900000 0.933333 0.966667 1.000000 1.033333
1.066667 1.100000 1.133333 1.166667 1.200000 1.233333 1.266667 1.300000 1.333333</float_array>
          <technique_common>
            <accessor source="#bone_FL_leg-Matrix-animation-input-array" count="41">
              <param name="TIME" type="float"/>
            </accessor>
          </technique_common>
        </source>
        <source id="bone_FL_leg-Matrix-animation-output-transform">
          <float_array id="bone_FL_leg-Matrix-animation-output-transform-array" count="656">

-0.034690 0.219830 -0.974921 59.228642 0.539661 -0.816940 -0.203410 -111.920502 -0.841167 -0.533183 -0.090294 73.775269 0.000000 0.000000 0.000000 1.000000
-0.032705 0.219513 -0.975061 59.110161 0.527575 -0.824803 -0.203381 -111.199501 -0.848878 -0.521070 -0.088835 74.235298 0.000000 0.000000 0.000000 1.000000
-0.031030 0.219209 -0.975184 59.010262 0.517371 -0.831257 -0.203319 -110.590698 -0.855198 -0.510842 -0.087619 74.612328 0.000000 0.000000 0.000000 1.000000
-0.029696 0.218913 -0.975292 58.930679 0.509136 -0.836349 -0.203228 -110.099403 -0.860174 -0.502591 -0.086620 74.909187 0.000000 0.000000 0.000000 1.000000
-0.028728 0.218618 -0.975388 58.872921 0.502917 -0.840130 -0.203114 -109.728401 -0.863857 -0.496375 -0.085812 75.128891 0.000000 0.000000 0.000000 1.000000
-0.028148 0.218316 -0.975472 58.838329 0.498722 -0.842659 -0.202983 -109.478104 -0.866304 -0.492203 -0.085160 75.274933 0.000000 0.000000 0.000000 1.000000
-0.027974 0.217998 -0.975548 58.827919 0.496516 -0.843995 -0.202838 -109.346497 -0.867576 -0.490050 -0.084630 75.350769 0.000000 0.000000 0.000000 1.000000
-0.028219 0.217650 -0.975619 58.842529 0.496230 -0.844200 -0.202685 -109.329498 -0.867732 -0.489851 -0.084183 75.360077 0.000000 0.000000 0.000000 1.000000
-0.028892 0.217257 -0.975687 58.882710 0.497752 -0.843342 -0.202527 -109.420303 -0.866837 -0.491502 -0.083774 75.306686 0.000000 0.000000 0.000000 1.000000
-0.030001 0.216799 -0.975755 58.948891 0.500951 -0.841484 -0.202368 -109.611099 -0.864955 -0.494877 -0.083360 75.194458 0.000000 0.000000 0.000000 1.000000
-0.031545 0.216253 -0.975828 59.041019 0.505659 -0.838701 -0.202211 -109.891998 -0.862156 -0.499815 -0.082893 75.027473 0.000000 0.000000 0.000000 1.000000
-0.033521 0.215596 -0.975907 59.158829 0.511701 -0.835066 -0.202057 -110.252403 -0.858509 -0.506146 -0.082329 74.809883 0.000000 0.000000 0.000000 1.000000
-0.035912 0.214805 -0.975996 59.301510 0.518886 -0.830656 -0.201910 -110.681000 -0.854089 -0.513682 -0.081629 74.546120 0.000000 0.000000 0.000000 1.000000
-0.038695 0.213863 -0.976097 59.467541 0.527019 -0.825554 -0.201771 -111.166298 -0.848972 -0.522229 -0.080765 74.240883 0.000000 0.000000 0.000000 1.000000
-0.041830 0.212758 -0.976209 59.654572 0.535904 -0.819846 -0.201643 -111.696404 -0.843242 -0.531589 -0.079724 73.899078 0.000000 0.000000 0.000000 1.000000
-0.045260 0.211490 -0.976332 59.859211 0.545345 -0.813625 -0.201525 -112.259598 -0.836988 -0.541559 -0.078510 73.525993 0.000000 0.000000 0.000000 1.000000
-0.048911 0.210075 -0.976461 60.077000 0.555157 -0.806988 -0.201422 -112.845001 -0.830306 -0.551941 -0.077154 73.127327 0.000000 0.000000 0.000000 1.000000
-0.052689 0.208548 -0.976592 60.302429 0.565156 -0.800039 -0.201337 -113.441498 -0.823299 -0.562535 -0.075709 72.709312 0.000000 0.000000 0.000000 1.000000
-0.056490 0.206958 -0.976717 60.529148 0.575166 -0.792889 -0.201272 -114.038696 -0.816084 -0.573145 -0.074245 72.278816 0.000000 0.000000 0.000000 1.000000
-0.060197 0.205373 -0.976831 60.750340 0.585012 -0.785663 -0.201232 -114.626099 -0.808787 -0.583572 -0.072851 71.843529 0.000000 0.000000 0.000000 1.000000
-0.063695 0.203868 -0.976924 60.959011 0.594517 -0.778498 -0.201222 -115.193100 -0.801556 -0.593615 -0.071617 71.412132 0.000000 0.000000 0.000000 1.000000
-0.066876 0.202523 -0.976991 61.148800 0.603509 -0.771542 -0.201246 -115.729599 -0.794546 -0.603082 -0.070626 70.993942 0.000000 0.000000 0.000000 1.000000
-0.069659 0.201401 -0.977029 61.314812 0.611851 -0.764928 -0.201302 -116.227303 -0.787899 -0.611819 -0.069943 70.597382 0.000000 0.000000 0.000000 1.000000
-0.071979 0.200553 -0.977035 61.453232 0.619412 -0.758796 -0.201389 -116.678299 -0.781759 -0.619683 -0.069608 70.231056 0.000000 0.000000 0.000000 1.000000
-0.073789 0.200020 -0.977009 61.561218 0.626059 -0.753291 -0.201502 -117.074898 -0.776277 -0.626534 -0.069639 69.903999 0.000000 0.000000 0.000000 1.000000
-0.075060 0.199822 -0.976953 61.637001 0.631671 -0.748554 -0.201638 -117.409698 -0.771594 -0.632248 -0.070036 69.624619 0.000000 0.000000 0.000000 1.000000
-0.075778 0.199965 -0.976868 61.679859 0.636149 -0.744711 -0.201790 -117.676804 -0.767835 -0.636726 -0.070775 69.400414 0.000000 0.000000 0.000000 1.000000
-0.075944 0.200437 -0.976759 61.689800 0.639410 -0.741870 -0.201952 -117.871399 -0.765106 -0.639886 -0.071821 69.237556 0.000000 0.000000 0.000000 1.000000
-0.075572 0.201216 -0.976627 61.667591 0.641389 -0.740114 -0.202118 -117.989502 -0.763484 -0.641673 -0.073125 69.140823 0.000000 0.000000 0.000000 1.000000
-0.074678 0.202266 -0.976479 61.614281 0.642035 -0.739508 -0.202282 -118.028000 -0.763029 -0.642040 -0.074637 69.113663 0.000000 0.000000 0.000000 1.000000
-0.073286 0.203548 -0.976318 61.531219 0.641303 -0.740100 -0.202439 -117.984299 -0.763779 -0.640952 -0.076297 69.158432 0.000000 0.000000 0.000000 1.000000
-0.071418 0.205018 -0.976149 61.419769 0.639147 -0.741923 -0.202586 -117.855698 -0.765761 -0.638371 -0.078050 69.276657 0.000000 0.000000 0.000000 1.000000
-0.069096 0.206630 -0.975976 61.281250 0.635516 -0.744999 -0.202721 -117.639099 -0.768989 -0.634256 -0.079840 69.469223 0.000000 0.000000 0.000000 1.000000
-0.066340 0.208338 -0.975804 61.116760 0.630352 -0.749341 -0.202842 -117.331001 -0.773470 -0.628556 -0.081615 69.736511 0.000000 0.000000 0.000000 1.000000
-0.063161 0.210102 -0.975637 60.927132 0.623573 -0.754963 -0.202949 -116.926598 -0.779209 -0.621199 -0.083330 70.078934 0.000000 0.000000 0.000000 1.000000
-0.059567 0.211880 -0.975479 60.712780 0.615079 -0.761873 -0.203043 -116.419899 -0.786212 -0.612092 -0.084940 70.496696 0.000000 0.000000 0.000000 1.000000
-0.055557 0.213637 -0.975332 60.473499 0.604732 -0.770090 -0.203127 -115.802498 -0.794489 -0.601100 -0.086409 70.990501 0.000000 0.000000 0.000000 1.000000
-0.051114 0.215339 -0.975201 60.208439 0.592345 -0.779639 -0.203203 -115.063499 -0.804061 -0.588042 -0.087704 71.561600 0.000000 0.000000 0.000000 1.000000
-0.046206 0.216957 -0.975087 59.915600 0.577654 -0.790566 -0.203274 -114.187202 -0.814972 -0.572656 -0.088798 72.212517 0.000000 0.000000 0.000000 1.000000
-0.040767 0.218463 -0.974993 59.591160 0.560284 -0.802953 -0.203342 -113.150803 -0.827296 -0.554563 -0.089667 72.947769 0.000000 0.000000 0.000000 1.000000
-0.034690 0.219830 -0.974921 59.228642 0.539661 -0.816940 -0.203410 -111.920502 -0.841167 -0.533183 -0.090294 73.775269 0.000000 0.000000 0.000000 1.000000</float_array>
          <technique_common>
            <accessor source="#bone_FL_leg-Matrix-animation-output-transform-array" count="41" stride="16">
              <param type="float4x4"/>
            </accessor>
          </technique_common>
        </source>
        <source id="bone_FL_leg-Interpolations">
          <Name_array id="bone_FL_leg-Interpolations-array" count="41">
 LINEAR LINEAR LINEAR LINEAR LINEAR LINEAR LINEAR LINEAR LINEAR LINEAR LINEAR
LINEAR LINEAR LINEAR LINEAR LINEAR LINEAR LINEAR LINEAR LINEAR LINEAR LINEAR LINEAR
LINEAR LINEAR LINEAR LINEAR LINEAR LINEAR LINEAR LINEAR LINEAR LINEAR LINEAR LINEAR
LINEAR LINEAR LINEAR LINEAR LINEAR LINEAR</Name_array>
          <technique_common>
            <accessor source="#bone_FL_leg-Interpolations-array" count="41">
              <param type="name"/>
            </accessor>
          </technique_common>
        </source>
        <sampler id="bone_FL_leg-Matrix-animation-transform">
          <input semantic="INPUT" source="#bone_FL_leg-Matrix-animation-input"/>
          <input semantic="OUTPUT" source="#bone_FL_leg-Matrix-animation-output-transform"/>
          <input semantic="INTERPOLATION" source="#bone_FL_leg-Interpolations"/>
        </sampler>
        <channel source="#bone_FL_leg-Matrix-animation-transform" target="bone_FL_leg/matrix"/>
      </animation>
    </animation>
    <animation id="bone_RR_leg-anim" name="bone_RR_leg">
      <animation>
        <source id="bone_RR_leg-Matrix-animation-input">
          <float_array id="bone_RR_leg-Matrix-animation-input-array" count="41">

0.000000 0.033333 0.066667 0.100000 0.133333 0.166667 0.200000 0.233333 0.266667 0.300000 0.333333 0.366667 0.400000 0.433333 0.466667 0.500000
0.533333 0.566667 0.600000 0.633333 0.666667 0.700000 0.733333 0.766667 0.800000 0.833333 0.866667 0.900000 0.933333 0.966667 1.000000 1.033333
1.066667 1.100000 1.133333 1.166667 1.200000 1.233333 1.266667 1.300000 1.333333</float_array>
          <technique_common>
            <accessor source="#bone_RR_leg-Matrix-animation-input-array" count="41">
              <param name="TIME" type="float"/>
            </accessor>
          </technique_common>
        </source>
        <source id="bone_RR_leg-Matrix-animation-output-transform">
          <float_array id="bone_RR_leg-Matrix-animation-output-transform-array" count="656">

-0.093974 0.052330 0.994198 -38.949989 -0.529569 0.842994 -0.094427 62.884270 -0.843045 -0.535371 -0.051507 76.354103 0.000000 0.000000 0.000000 1.000000
-0.094259 0.051694 0.994205 -38.931141 -0.534381 0.839962 -0.094338 63.203209 -0.839971 -0.540177 -0.051549 76.150421 0.000000 0.000000 0.000000 1.000000
-0.094518 0.051070 0.994212 -38.913879 -0.539010 0.837011 -0.094238 63.509949 -0.836979 -0.544797 -0.051586 75.952133 0.000000 0.000000 0.000000 1.000000
-0.094748 0.050462 0.994222 -38.898689 -0.543442 0.834153 -0.094127 63.803669 -0.834083 -0.549220 -0.051611 75.760132 0.000000 0.000000 0.000000 1.000000
-0.094942 0.049873 0.994233 -38.885841 -0.547669 0.831397 -0.094003 64.083923 -0.831291 -0.553435 -0.051620 75.575104 0.000000 0.000000 0.000000 1.000000
-0.095097 0.049309 0.994246 -38.875580 -0.551681 0.828756 -0.093868 64.349777 -0.828616 -0.557433 -0.051609 75.397797 0.000000 0.000000 0.000000 1.000000
-0.095212 0.048771 0.994262 -38.867950 -0.555470 0.826238 -0.093722 64.600906 -0.826068 -0.561206 -0.051577 75.228912 0.000000 0.000000 0.000000 1.000000
-0.095287 0.048263 0.994279 -38.862942 -0.559030 0.823851 -0.093566 64.836906 -0.823654 -0.564748 -0.051522 75.068939 0.000000 0.000000 0.000000 1.000000
-0.095324 0.047788 0.994298 -38.860500 -0.562352 0.821606 -0.093401 65.056992 -0.821385 -0.568049 -0.051445 74.918587 0.000000 0.000000 0.000000 1.000000
-0.095325 0.047346 0.994320 -38.860458 -0.565434 0.819508 -0.093230 65.261269 -0.819267 -0.571109 -0.051349 74.778183 0.000000 0.000000 0.000000 1.000000
-0.095292 0.046940 0.994342 -38.862598 -0.568264 0.817568 -0.093054 65.448860 -0.817310 -0.573916 -0.051234 74.648438 0.000000 0.000000 0.000000 1.000000
-0.095231 0.046572 0.994365 -38.866680 -0.570839 0.815792 -0.092878 65.619507 -0.815521 -0.576467 -0.051104 74.529877 0.000000 0.000000 0.000000 1.000000
-0.095144 0.046243 0.994389 -38.872440 -0.573149 0.814190 -0.092703 65.772636 -0.813909 -0.578753 -0.050961 74.423073 0.000000 0.000000 0.000000 1.000000
-0.095036 0.045956 0.994412 -38.879551 -0.575183 0.812774 -0.092532 65.907410 -0.812485 -0.580763 -0.050810 74.328720 0.000000 0.000000 0.000000 1.000000
-0.094913 0.045712 0.994436 -38.887760 -0.576930 0.811553 -0.092370 66.023232 -0.811260 -0.582487 -0.050654 74.247498 0.000000 0.000000 0.000000 1.000000
-0.094778 0.045513 0.994458 -38.896729 -0.578379 0.810539 -0.092219 66.119247 -0.810243 -0.583914 -0.050497 74.180153 0.000000 0.000000 0.000000 1.000000
-0.094636 0.045362 0.994478 -38.906151 -0.579511 0.809746 -0.092083 66.194199 -0.809451 -0.585025 -0.050343 74.127640 0.000000 0.000000 0.000000 1.000000
-0.094491 0.045261 0.994496 -38.915730 -0.580309 0.809187 -0.091965 66.247147 -0.808896 -0.585805 -0.050195 74.090828 0.000000 0.000000 0.000000 1.000000
-0.094348 0.045213 0.994512 -38.925190 -0.580753 0.808880 -0.091869 66.276512 -0.808594 -0.586233 -0.050059 74.070831 0.000000 0.000000 0.000000 1.000000
-0.094211 0.045220 0.994525 -38.934311 -0.580816 0.808842 -0.091797 66.280823 -0.808564 -0.586285 -0.049937 74.068848 0.000000 0.000000 0.000000 1.000000
-0.094082 0.045286 0.994534 -38.942841 -0.580475 0.809092 -0.091754 66.258148 -0.808824 -0.585935 -0.049834 74.086067 0.000000 0.000000 0.000000 1.000000
-0.093964 0.045413 0.994539 -38.950649 -0.579708 0.809643 -0.091741 66.207283 -0.809388 -0.585163 -0.049751 74.123466 0.000000 0.000000 0.000000 1.000000
-0.093858 0.045598 0.994541 -38.957619 -0.578531 0.810483 -0.091757 66.129333 -0.810242 -0.583985 -0.049691 74.180023 0.000000 0.000000 0.000000 1.000000
-0.093766 0.045835 0.994539 -38.963791 -0.576976 0.811585 -0.091801 66.026230 -0.811361 -0.582433 -0.049653 74.254204 0.000000 0.000000 0.000000 1.000000
-0.093685 0.046120 0.994533 -38.969120 -0.575066 0.812932 -0.091870 65.899673 -0.812725 -0.580529 -0.049637 74.344566 0.000000 0.000000 0.000000 1.000000
-0.093617 0.046448 0.994524 -38.973660 -0.572835 0.814495 -0.091962 65.751839 -0.814307 -0.578308 -0.049643 74.449432 0.000000 0.000000 0.000000 1.000000
-0.093560 0.046812 0.994513 -38.977440 -0.570311 0.816252 -0.092074 65.584457 -0.816083 -0.575796 -0.049671 74.567192 0.000000 0.000000 0.000000 1.000000
-0.093513 0.047209 0.994498 -38.980511 -0.567528 0.818175 -0.092204 65.400047 -0.818026 -0.573028 -0.049718 74.695976 0.000000 0.000000 0.000000 1.000000
-0.093477 0.047632 0.994481 -38.982922 -0.564522 0.820236 -0.092349 65.200844 -0.820108 -0.570039 -0.049784 74.833923 0.000000 0.000000 0.000000 1.000000
-0.093450 0.048076 0.994463 -38.984730 -0.561333 0.822404 -0.092506 64.989403 -0.822297 -0.566869 -0.049867 74.979050 0.000000 0.000000 0.000000 1.000000
-0.093431 0.048535 0.994442 -38.985950 -0.558004 0.824647 -0.092674 64.768784 -0.824562 -0.563561 -0.049965 75.129143 0.000000 0.000000 0.000000 1.000000
-0.093421 0.049001 0.994420 -38.986610 -0.554583 0.826932 -0.092849 64.542099 -0.826868 -0.560163 -0.050078 75.281937 0.000000 0.000000 0.000000 1.000000
-0.093420 0.049469 0.994397 -38.986740 -0.551124 0.829221 -0.093028 64.312889 -0.829177 -0.556727 -0.050202 75.435020 0.000000 0.000000 0.000000 1.000000
-0.093427 0.049933 0.994373 -38.986240 -0.547681 0.831479 -0.093211 64.084663 -0.831454 -0.553308 -0.050335 75.585960 0.000000 0.000000 0.000000 1.000000
-0.093445 0.050383 0.994349 -38.985050 -0.544316 0.833665 -0.093394 63.861549 -0.833660 -0.549967 -0.050477 75.732117 0.000000 0.000000 0.000000 1.000000
-0.093475 0.050812 0.994324 -38.983040 -0.541092 0.835741 -0.093575 63.647968 -0.835752 -0.546768 -0.050627 75.870773 0.000000 0.000000 0.000000 1.000000
-0.093522 0.051212 0.994299 -38.979950 -0.538080 0.837663 -0.093755 63.448318 -0.837689 -0.543781 -0.050784 75.999184 0.000000 0.000000 0.000000 1.000000
-0.093588 0.051573 0.994274 -38.975559 -0.535347 0.839393 -0.093930 63.267181 -0.839431 -0.541073 -0.050948 76.114609 0.000000 0.000000 0.000000 1.000000
-0.093681 0.051887 0.994249 -38.969440 -0.532970 0.840885 -0.094101 63.109600 -0.840932 -0.538721 -0.051121 76.214111 0.000000 0.000000 0.000000 1.000000
-0.093806 0.052142 0.994224 -38.961102 -0.531020 0.842099 -0.094267 62.980400 -0.842151 -0.536796 -0.051305 76.294884 0.000000 0.000000 0.000000 1.000000
-0.093975 0.052333 0.994198 -38.949940 -0.529570 0.842994 -0.094430 62.884300 -0.843045 -0.535372 -0.051507 76.354088 0.000000 0.000000 0.000000 1.000000</float_array>
          <technique_common>
            <accessor source="#bone_RR_leg-Matrix-animation-output-transform-array" count="41" stride="16">
              <param type="float4x4"/>
            </accessor>
          </technique_common>
        </source>
        <source id="bone_RR_leg-Interpolations">
          <Name_array id="bone_RR_leg-Interpolations-array" count="41">
 LINEAR LINEAR LINEAR LINEAR LINEAR LINEAR LINEAR LINEAR LINEAR LINEAR LINEAR
LINEAR LINEAR LINEAR LINEAR LINEAR LINEAR LINEAR LINEAR LINEAR LINEAR LINEAR LINEAR
LINEAR LINEAR LINEAR LINEAR LINEAR LINEAR LINEAR LINEAR LINEAR LINEAR LINEAR LINEAR
LINEAR LINEAR LINEAR LINEAR LINEAR LINEAR</Name_array>
          <technique_common>
            <accessor source="#bone_RR_leg-Interpolations-array" count="41">
              <param type="name"/>
            </accessor>
          </technique_common>
        </source>
        <sampler id="bone_RR_leg-Matrix-animation-transform">
          <input semantic="INPUT" source="#bone_RR_leg-Matrix-animation-input"/>
          <input semantic="OUTPUT" source="#bone_RR_leg-Matrix-animation-output-transform"/>
          <input semantic="INTERPOLATION" source="#bone_RR_leg-Interpolations"/>
        </sampler>
        <channel source="#bone_RR_leg-Matrix-animation-transform" target="bone_RR_leg/matrix"/>
      </animation>
    </animation>
    <animation id="bone_L_index01-anim" name="bone_L_index01">
      <animation>
        <source id="bone_L_index01-Matrix-animation-input">
          <float_array id="bone_L_index01-Matrix-animation-input-array" count="41">

0.000000 0.033333 0.066667 0.100000 0.133333 0.166667 0.200000 0.233333 0.266667 0.300000 0.333333 0.366667 0.400000 0.433333 0.466667 0.500000
0.533333 0.566667 0.600000 0.633333 0.666667 0.700000 0.733333 0.766667 0.800000 0.833333 0.866667 0.900000 0.933333 0.966667 1.000000 1.033333
1.066667 1.100000 1.133333 1.166667 1.200000 1.233333 1.266667 1.300000 1.333333</float_array>
          <technique_common>
            <accessor source="#bone_L_index01-Matrix-animation-input-array" count="41">
              <param name="TIME" type="float"/>
            </accessor>
          </technique_common>
        </source>
        <source id="bone_L_index01-Matrix-animation-output-transform">
          <float_array id="bone_L_index01-Matrix-animation-output-transform-array" count="656">

-0.967048 0.065613 0.245993 107.518501 0.253945 0.317482 0.913629 -47.335529 -0.018152 0.945992 -0.323683 163.210800 0.000000 0.000000 0.000000 1.000000
-0.966945 0.089755 0.238665 105.543098 0.254950 0.325127 0.910656 -46.108059 0.004140 0.941401 -0.337263 162.477798 0.000000 0.000000 0.000000 1.000000
-0.966808 0.108980 0.231095 103.886299 0.254517 0.331436 0.908499 -44.960480 0.022415 0.937162 -0.348173 161.855194 0.000000 0.000000 0.000000 1.000000
-0.966754 0.123570 0.223870 102.546204 0.253054 0.336492 0.907049 -43.927269 0.036753 0.933543 -0.356576 161.298401 0.000000 0.000000 0.000000 1.000000
-0.966853 0.133846 0.217439 101.516701 0.250917 0.340396 0.906186 -43.038132 0.047274 0.930707 -0.362698 160.767303 0.000000 0.000000 0.000000 1.000000
-0.967140 0.140150 0.212126 100.788696 0.248413 0.343268 0.905792 -42.318611 0.054131 0.928722 -0.366804 160.227493 0.000000 0.000000 0.000000 1.000000
-0.967615 0.142824 0.208140 100.351196 0.245793 0.345255 0.905752 -41.790211 0.057501 0.927578 -0.369180 159.651703 0.000000 0.000000 0.000000 1.000000
-0.968252 0.142201 0.205591 100.192299 0.243254 0.346525 0.905952 -41.470348 0.057585 0.927200 -0.370114 159.019196 0.000000 0.000000 0.000000 1.000000
-0.969003 0.138596 0.204508 100.300102 0.240940 0.347257 0.906289 -41.372452 0.054591 0.927472 -0.369887 158.317596 0.000000 0.000000 0.000000 1.000000
-0.969808 0.132305 0.204858 100.662598 0.238947 0.347635 0.906673 -41.505112 0.048742 0.928248 -0.368754 157.542892 0.000000 0.000000 0.000000 1.000000
-0.970596 0.123603 0.206555 101.268799 0.237321 0.347834 0.907024 -41.871769 0.040264 0.929373 -0.366940 156.700104 0.000000 0.000000 0.000000 1.000000
-0.971291 0.112745 0.209480 102.107101 0.236071 0.348003 0.907285 -42.469791 0.029392 0.930689 -0.364629 155.802597 0.000000 0.000000 0.000000 1.000000
-0.971816 0.099978 0.213488 103.164902 0.235169 0.348263 0.907419 -43.289700 0.016372 0.932050 -0.361960 154.871994 0.000000 0.000000 0.000000 1.000000
-0.972100 0.085536 0.218416 104.427299 0.234563 0.348689 0.907412 -44.314999 0.001457 0.933327 -0.359024 153.936493 0.000000 0.000000 0.000000 1.000000
-0.972075 0.069668 0.224088 105.875397 0.234184 0.349313 0.907271 -45.521000 -0.015069 0.934413 -0.355874 153.028397 0.000000 0.000000 0.000000 1.000000
-0.971690 0.052634 0.230320 107.484100 0.233956 0.350122 0.907018 -46.875919 -0.032901 0.935224 -0.352525 152.181793 0.000000 0.000000 0.000000 1.000000
-0.970907 0.034728 0.236923 109.221703 0.233809 0.351069 0.906689 -48.341511 -0.051689 0.935705 -0.348976 151.428604 0.000000 0.000000 0.000000 1.000000
-0.969711 0.016281 0.243712 111.048599 0.233692 0.352086 0.906325 -49.874859 -0.071052 0.935826 -0.345227 150.795807 0.000000 0.000000 0.000000 1.000000
-0.968111 -0.002328 0.250510 112.918198 0.233578 0.353103 0.905959 -51.431110 -0.090565 0.935582 -0.341299 150.302994 0.000000 0.000000 0.000000 1.000000
-0.966146 -0.020680 0.257166 114.778503 0.233473 0.354066 0.905610 -52.965881 -0.109781 0.934992 -0.337252 149.960693 0.000000 0.000000 0.000000 1.000000
-0.963883 -0.038318 0.263554 116.574699 0.233417 0.354962 0.905274 -54.438019 -0.128240 0.934095 -0.333198 149.770493 0.000000 0.000000 0.000000 1.000000
-0.961473 -0.054650 0.269413 118.250000 0.233411 0.355428 0.905092 -55.798420 -0.145220 0.933105 -0.328979 149.715500 0.000000 0.000000 0.000000 1.000000
-0.959103 -0.069206 0.274467 119.759598 0.233426 0.355081 0.905224 -57.005169 -0.160105 0.932270 -0.324405 149.771301 0.000000 0.000000 0.000000 1.000000
-0.956911 -0.081723 0.278644 121.069199 0.233486 0.353962 0.905647 -58.036770 -0.172641 0.931683 -0.319629 149.919800 0.000000 0.000000 0.000000 1.000000
-0.955023 -0.091962 0.281910 122.150497 0.233621 0.352160 0.906315 -58.878330 -0.182623 0.931411 -0.314837 150.143600 0.000000 0.000000 0.000000 1.000000
-0.953543 -0.099726 0.284272 122.981903 0.233862 0.349799 0.907166 -59.521130 -0.189906 0.931502 -0.310227 150.425995 0.000000 0.000000 0.000000 1.000000
-0.952544 -0.104862 0.285768 123.548599 0.234243 0.347016 0.908136 -59.961559 -0.194395 0.931978 -0.305985 150.752899 0.000000 0.000000 0.000000 1.000000
-0.952070 -0.107266 0.286456 123.842003 0.234795 0.343946 0.909161 -60.199390 -0.196047 0.932843 -0.302275 151.113098 0.000000 0.000000 0.000000 1.000000
-0.952128 -0.106881 0.286407 123.859497 0.235543 0.340715 0.910184 -60.237549 -0.194864 0.934072 -0.299230 151.499893 0.000000 0.000000 0.000000 1.000000
-0.952693 -0.103701 0.285695 123.603600 0.236508 0.337435 0.911155 -60.080761 -0.190891 0.935619 -0.296946 151.910904 0.000000 0.000000 0.000000 1.000000
-0.953709 -0.097772 0.284393 123.081497 0.237703 0.334205 0.912034 -59.734711 -0.184217 0.937415 -0.295494 152.349899 0.000000 0.000000 0.000000 1.000000
-0.955094 -0.089186 0.282561 122.304802 0.239127 0.331109 0.912790 -59.205891 -0.174966 0.939368 -0.294913 152.826294 0.000000 0.000000 0.000000 1.000000
-0.956745 -0.078084 0.280252 121.288902 0.240768 0.328218 0.913403 -58.501099 -0.163305 0.941369 -0.295221 153.355896 0.000000 0.000000 0.000000 1.000000
-0.958549 -0.064660 0.277494 120.052696 0.242593 0.325592 0.913860 -57.627010 -0.149440 0.943297 -0.296410 153.960007 0.000000 0.000000 0.000000 1.000000
-0.960384 -0.049161 0.274308 118.619003 0.244556 0.323281 0.914157 -56.590370 -0.133620 0.945025 -0.298451 154.666199 0.000000 0.000000 0.000000 1.000000
-0.962136 -0.031887 0.270696 117.013603 0.246588 0.321322 0.914302 -55.397709 -0.116135 0.946433 -0.301293 155.506699 0.000000 0.000000 0.000000 1.000000
-0.963704 -0.013198 0.266647 115.265900 0.248601 0.319745 0.914310 -54.055649 -0.097326 0.947412 -0.304859 156.518906 0.000000 0.000000 0.000000 1.000000
-0.965006 0.006473 0.262148 113.407799 0.250484 0.318568 0.914207 -52.571041 -0.077594 0.947878 -0.309042 157.744705 0.000000 0.000000 0.000000 1.000000
-0.965995 0.026610 0.257188 111.473801 0.252106 0.317800 0.914028 -50.950829 -0.057413 0.947784 -0.313702 159.231293 0.000000 0.000000 0.000000 1.000000
-0.966661 0.046585 0.251784 109.499199 0.253317 0.317443 0.913817 -49.202911 -0.037357 0.947132 -0.318661 161.032196 0.000000 0.000000 0.000000 1.000000
-0.967048 0.065613 0.245993 107.518501 0.253945 0.317482 0.913629 -47.335529 -0.018152 0.945992 -0.323683 163.210800 0.000000 0.000000 0.000000 1.000000</float_array>
          <technique_common>
            <accessor source="#bone_L_index01-Matrix-animation-output-transform-array" count="41" stride="16">
              <param type="float4x4"/>
            </accessor>
          </technique_common>
        </source>
        <source id="bone_L_index01-Interpolations">
          <Name_array id="bone_L_index01-Interpolations-array" count="41">
 LINEAR LINEAR LINEAR LINEAR LINEAR LINEAR LINEAR LINEAR LINEAR LINEAR LINEAR
LINEAR LINEAR LINEAR LINEAR LINEAR LINEAR LINEAR LINEAR LINEAR LINEAR LINEAR LINEAR
LINEAR LINEAR LINEAR LINEAR LINEAR LINEAR LINEAR LINEAR LINEAR LINEAR LINEAR LINEAR
LINEAR LINEAR LINEAR LINEAR LINEAR LINEAR</Name_array>
          <technique_common>
            <accessor source="#bone_L_index01-Interpolations-array" count="41">
              <param type="name"/>
            </accessor>
          </technique_common>
        </source>
        <sampler id="bone_L_index01-Matrix-animation-transform">
          <input semantic="INPUT" source="#bone_L_index01-Matrix-animation-input"/>
          <input semantic="OUTPUT" source="#bone_L_index01-Matrix-animation-output-transform"/>
          <input semantic="INTERPOLATION" source="#bone_L_index01-Interpolations"/>
        </sampler>
        <channel source="#bone_L_index01-Matrix-animation-transform" target="bone_L_index01/matrix"/>
      </animation>
    </animation>
    <animation id="bone_L_hand-anim" name="bone_L_hand">
      <animation>
        <source id="bone_L_hand-Matrix-animation-input">
          <float_array id="bone_L_hand-Matrix-animation-input-array" count="41">

0.000000 0.033333 0.066667 0.100000 0.133333 0.166667 0.200000 0.233333 0.266667 0.300000 0.333333 0.366667 0.400000 0.433333 0.466667 0.500000
0.533333 0.566667 0.600000 0.633333 0.666667 0.700000 0.733333 0.766667 0.800000 0.833333 0.866667 0.900000 0.933333 0.966667 1.000000 1.033333
1.066667 1.100000 1.133333 1.166667 1.200000 1.233333 1.266667 1.300000 1.333333</float_array>
          <technique_common>
            <accessor source="#bone_L_hand-Matrix-animation-input-array" count="41">
              <param name="TIME" type="float"/>
            </accessor>
          </technique_common>
        </source>
        <source id="bone_L_hand-Matrix-animation-output-transform">
          <float_array id="bone_L_hand-Matrix-animation-output-transform-array" count="656">

0.217179 -0.975916 0.020524 107.206596 -0.090205 0.000871 0.995923 -25.567881 -0.971955 -0.218145 -0.087844 195.987000 0.000000 0.000000 0.000000 1.000000
0.192519 -0.981104 0.019296 106.079201 -0.098410 0.000261 0.995146 -24.072809 -0.976346 -0.193483 -0.096500 195.071701 0.000000 0.000000 0.000000 1.000000
0.172374 -0.984890 0.016694 105.082001 -0.104825 -0.001490 0.994490 -22.708241 -0.979438 -0.173174 -0.103497 194.283798 0.000000 0.000000 0.000000 1.000000
0.156674 -0.987561 0.013310 104.228600 -0.109646 -0.003998 0.993963 -21.504419 -0.981545 -0.157188 -0.108908 193.587601 0.000000 0.000000 0.000000 1.000000
0.145262 -0.989346 0.009630 103.528900 -0.113077 -0.006932 0.993562 -20.486500 -0.982910 -0.145416 -0.112880 192.947693 0.000000 0.000000 0.000000 1.000000
0.137920 -0.990425 0.006028 102.989403 -0.115333 -0.010015 0.993276 -19.674860 -0.983705 -0.137688 -0.115610 192.330902 0.000000 0.000000 0.000000 1.000000
0.134386 -0.990925 0.002784 102.614098 -0.116636 -0.013028 0.993089 -19.085220 -0.984041 -0.133782 -0.117328 191.707397 0.000000 0.000000 0.000000 1.000000
0.134377 -0.990930 0.000082 102.404800 -0.117218 -0.015814 0.992980 -18.728710 -0.983973 -0.133444 -0.118280 191.052505 0.000000 0.000000 0.000000 1.000000
0.137596 -0.990486 -0.001960 102.362000 -0.117307 -0.018261 0.992928 -18.612061 -0.983517 -0.136393 -0.118704 190.347595 0.000000 0.000000 0.000000 1.000000
0.143744 -0.989609 -0.003294 102.485199 -0.117122 -0.020318 0.992910 -18.737301 -0.982660 -0.142339 -0.118825 189.582199 0.000000 0.000000 0.000000 1.000000
0.152525 -0.988292 -0.003918 102.773102 -0.116857 -0.021971 0.992906 -19.101721 -0.981367 -0.150985 -0.118840 188.754196 0.000000 0.000000 0.000000 1.000000
0.163649 -0.986511 -0.003867 103.223198 -0.116671 -0.023246 0.992898 -19.697460 -0.979595 -0.162036 -0.118902 187.871002 0.000000 0.000000 0.000000 1.000000
0.176831 -0.984236 -0.003202 103.831200 -0.116681 -0.024193 0.992875 -20.511021 -0.977300 -0.175197 -0.119120 186.948303 0.000000 0.000000 0.000000 1.000000
0.191785 -0.981435 -0.002005 104.590302 -0.116951 -0.024882 0.992826 -21.523399 -0.974444 -0.190175 -0.119552 186.010101 0.000000 0.000000 0.000000 1.000000
0.208219 -0.978082 -0.000369 105.489304 -0.117492 -0.025387 0.992749 -22.709040 -0.971000 -0.206666 -0.120203 185.085693 0.000000 0.000000 0.000000 1.000000
0.225823 -0.974167 0.001607 106.511902 -0.118271 -0.025779 0.992647 -24.036810 -0.966962 -0.224353 -0.121038 184.207397 0.000000 0.000000 0.000000 1.000000
0.244262 -0.969702 0.003822 107.635696 -0.119218 -0.026118 0.992525 -25.470310 -0.962353 -0.242892 -0.121986 183.406693 0.000000 0.000000 0.000000 1.000000
0.263169 -0.964730 0.006184 108.832298 -0.120247 -0.026441 0.992392 -26.969070 -0.957226 -0.261911 -0.122964 182.711700 0.000000 0.000000 0.000000 1.000000
0.282145 -0.959333 0.008610 110.067596 -0.121276 -0.026763 0.992258 -28.490780 -0.951675 -0.281005 -0.123895 182.143600 0.000000 0.000000 0.000000 1.000000
0.300761 -0.953635 0.011048 111.304001 -0.122252 -0.027063 0.992130 -29.992790 -0.945832 -0.299744 -0.124724 181.715500 0.000000 0.000000 0.000000 1.000000
0.318570 -0.947804 0.013470 112.502296 -0.123173 -0.027302 0.992010 -31.434361 -0.939862 -0.317683 -0.125442 181.432098 0.000000 0.000000 0.000000 1.000000
0.334975 -0.942096 0.015734 113.625298 -0.123659 -0.027402 0.991946 -32.778809 -0.934077 -0.334223 -0.125677 181.289505 0.000000 0.000000 0.000000 1.000000
0.349503 -0.936769 0.017645 114.642097 -0.123301 -0.027317 0.991993 -33.997398 -0.928787 -0.348880 -0.125052 181.277802 0.000000 0.000000 0.000000 1.000000
0.361912 -0.932015 0.019165 115.527298 -0.122147 -0.027030 0.992144 -35.067219 -0.924175 -0.361410 -0.123626 181.382401 0.000000 0.000000 0.000000 1.000000
0.372001 -0.928011 0.020290 116.260498 -0.120303 -0.026527 0.992383 -35.970219 -0.920403 -0.371608 -0.121510 181.587708 0.000000 0.000000 0.000000 1.000000
0.379607 -0.924908 0.021045 116.827202 -0.117907 -0.025805 0.992689 -36.693371 -0.917603 -0.379313 -0.118849 181.877899 0.000000 0.000000 0.000000 1.000000
