<?xml version="1.0" encoding="utf-8"?>
<COLLADA xmlns="http://www.collada.org/2005/11/COLLADASchema" version="1.4.1">
  <asset>
    <contributor>
      <author/>
      <authoring_tool>FBX COLLADA exporter</authoring_tool>
      <comments/>
    </contributor>
    <created>2024-01-19T03:08:07Z</created>
    <keywords/>
    <modified>2024-01-19T03:08:07Z</modified>
    <revision/>
    <subject/>
    <title/>
    <unit meter="0.010000" name="centimeter"/>
    <up_axis>Y_UP</up_axis>
  </asset>
  <library_animations>
    <animation id="root-anim" name="root">
      <animation>
        <source id="root-Matrix-animation-input">
          <float_array id="root-Matrix-animation-input-array" count="29">

0.000000 0.033333 0.066667 0.100000 0.133333 0.166667 0.200000 0.233333 0.266667 0.300000 0.333333 0.366667 0.400000 0.433333 0.466667 0.500000
0.533333 0.566667 0.600000 0.633333 0.666667 0.700000 0.733333 0.766667 0.800000 0.833333 0.866667 0.900000 0.933333</float_array>
          <technique_common>
            <accessor source="#root-Matrix-animation-input-array" count="29">
              <param name="TIME" type="float"/>
            </accessor>
          </technique_common>
        </source>
        <source id="root-Matrix-animation-output-transform">
          <float_array id="root-Matrix-animation-output-transform-array" count="464">

1.000000 0.000000 0.000000 0.000000 0.000000 0.000000 1.000000 0.000000 0.000000 -1.000000 0.000000 0.000000 0.000000 0.000000 0.000000 1.000000
1.000000 0.000000 0.000000 0.000000 0.000000 0.000000 1.000000 0.000000 0.000000 -1.000000 0.000000 0.000000 0.000000 0.000000 0.000000 1.000000
1.000000 0.000000 0.000000 0.000000 0.000000 0.000000 1.000000 0.000000 0.000000 -1.000000 0.000000 0.000000 0.000000 0.000000 0.000000 1.000000
1.000000 0.000000 0.000000 0.000000 0.000000 0.000000 1.000000 0.000000 0.000000 -1.000000 0.000000 0.000000 0.000000 0.000000 0.000000 1.000000
1.000000 0.000000 0.000000 0.000000 0.000000 0.000000 1.000000 0.000000 0.000000 -1.000000 0.000000 0.000000 0.000000 0.000000 0.000000 1.000000
1.000000 0.000000 0.000000 0.000000 0.000000 0.000000 1.000000 0.000000 0.000000 -1.000000 0.000000 0.000000 0.000000 0.000000 0.000000 1.000000
1.000000 0.000000 0.000000 0.000000 0.000000 0.000000 1.000000 0.000000 0.000000 -1.000000 0.000000 0.000000 0.000000 0.000000 0.000000 1.000000
1.000000 0.000000 0.000000 0.000000 0.000000 0.000000 1.000000 0.000000 0.000000 -1.000000 0.000000 0.000000 0.000000 0.000000 0.000000 1.000000
1.000000 0.000000 0.000000 0.000000 0.000000 0.000000 1.000000 0.000000 0.000000 -1.000000 0.000000 0.000000 0.000000 0.000000 0.000000 1.000000
1.000000 0.000000 0.000000 0.000000 0.000000 0.000000 1.000000 0.000000 0.000000 -1.000000 0.000000 0.000000 0.000000 0.000000 0.000000 1.000000
1.000000 0.000000 0.000000 0.000000 0.000000 0.000000 1.000000 0.000000 0.000000 -1.000000 0.000000 0.000000 0.000000 0.000000 0.000000 1.000000
1.000000 0.000000 0.000000 0.000000 0.000000 0.000000 1.000000 0.000000 0.000000 -1.000000 0.000000 0.000000 0.000000 0.000000 0.000000 1.000000
1.000000 0.000000 0.000000 0.000000 0.000000 0.000000 1.000000 0.000000 0.000000 -1.000000 0.000000 0.000000 0.000000 0.000000 0.000000 1.000000
1.000000 0.000000 0.000000 0.000000 0.000000 0.000000 1.000000 0.000000 0.000000 -1.000000 0.000000 0.000000 0.000000 0.000000 0.000000 1.000000
1.000000 0.000000 0.000000 0.000000 0.000000 0.000000 1.000000 0.000000 0.000000 -1.000000 0.000000 0.000000 0.000000 0.000000 0.000000 1.000000
1.000000 0.000000 0.000000 0.000000 0.000000 0.000000 1.000000 0.000000 0.000000 -1.000000 0.000000 0.000000 0.000000 0.000000 0.000000 1.000000
1.000000 0.000000 0.000000 0.000000 0.000000 0.000000 1.000000 0.000000 0.000000 -1.000000 0.000000 0.000000 0.000000 0.000000 0.000000 1.000000
1.000000 0.000000 0.000000 0.000000 0.000000 0.000000 1.000000 0.000000 0.000000 -1.000000 0.000000 0.000000 0.000000 0.000000 0.000000 1.000000
1.000000 0.000000 0.000000 0.000000 0.000000 0.000000 1.000000 0.000000 0.000000 -1.000000 0.000000 0.000000 0.000000 0.000000 0.000000 1.000000
1.000000 0.000000 0.000000 0.000000 0.000000 0.000000 1.000000 0.000000 0.000000 -1.000000 0.000000 0.000000 0.000000 0.000000 0.000000 1.000000
1.000000 0.000000 0.000000 0.000000 0.000000 0.000000 1.000000 0.000000 0.000000 -1.000000 0.000000 0.000000 0.000000 0.000000 0.000000 1.000000
1.000000 0.000000 0.000000 0.000000 0.000000 0.000000 1.000000 0.000000 0.000000 -1.000000 0.000000 0.000000 0.000000 0.000000 0.000000 1.000000
1.000000 0.000000 0.000000 0.000000 0.000000 0.000000 1.000000 0.000000 0.000000 -1.000000 0.000000 0.000000 0.000000 0.000000 0.000000 1.000000
1.000000 0.000000 0.000000 0.000000 0.000000 0.000000 1.000000 0.000000 0.000000 -1.000000 0.000000 0.000000 0.000000 0.000000 0.000000 1.000000
1.000000 0.000000 0.000000 0.000000 0.000000 0.000000 1.000000 0.000000 0.000000 -1.000000 0.000000 0.000000 0.000000 0.000000 0.000000 1.000000
1.000000 0.000000 0.000000 0.000000 0.000000 0.000000 1.000000 0.000000 0.000000 -1.000000 0.000000 0.000000 0.000000 0.000000 0.000000 1.000000
1.000000 0.000000 0.000000 0.000000 0.000000 0.000000 1.000000 0.000000 0.000000 -1.000000 0.000000 0.000000 0.000000 0.000000 0.000000 1.000000
1.000000 0.000000 0.000000 0.000000 0.000000 0.000000 1.000000 0.000000 0.000000 -1.000000 0.000000 0.000000 0.000000 0.000000 0.000000 1.000000
1.000000 0.000000 0.000000 0.000000 0.000000 0.000000 1.000000 0.000000 0.000000 -1.000000 0.000000 0.000000 0.000000 0.000000 0.000000 1.000000</float_array>
          <technique_common>
            <accessor source="#root-Matrix-animation-output-transform-array" count="29" stride="16">
              <param type="float4x4"/>
            </accessor>
          </technique_common>
        </source>
        <source id="root-Interpolations">
          <Name_array id="root-Interpolations-array" count="29">
 LINEAR LINEAR LINEAR LINEAR LINEAR LINEAR LINEAR LINEAR LINEAR LINEAR LINEAR
LINEAR LINEAR LINEAR LINEAR LINEAR LINEAR LINEAR LINEAR LINEAR LINEAR LINEAR LINEAR
LINEAR LINEAR LINEAR LINEAR LINEAR LINEAR</Name_array>
          <technique_common>
            <accessor source="#root-Interpolations-array" count="29">
              <param type="name"/>
            </accessor>
          </technique_common>
        </source>
        <sampler id="root-Matrix-animation-transform">
          <input semantic="INPUT" source="#root-Matrix-animation-input"/>
          <input semantic="OUTPUT" source="#root-Matrix-animation-output-transform"/>
          <input semantic="INTERPOLATION" source="#root-Interpolations"/>
        </sampler>
        <channel source="#root-Matrix-animation-transform" target="root/matrix"/>
      </animation>
    </animation>
    <animation id="bone_FL_leg-anim" name="bone_FL_leg">
      <animation>
        <source id="bone_FL_leg-Matrix-animation-input">
          <float_array id="bone_FL_leg-Matrix-animation-input-array" count="29">

0.000000 0.033333 0.066667 0.100000 0.133333 0.166667 0.200000 0.233333 0.266667 0.300000 0.333333 0.366667 0.400000 0.433333 0.466667 0.500000
0.533333 0.566667 0.600000 0.633333 0.666667 0.700000 0.733333 0.766667 0.800000 0.833333 0.866667 0.900000 0.933333</float_array>
          <technique_common>
            <accessor source="#bone_FL_leg-Matrix-animation-input-array" count="29">
              <param name="TIME" type="float"/>
            </accessor>
          </technique_common>
        </source>
        <source id="bone_FL_leg-Matrix-animation-output-transform">
          <float_array id="bone_FL_leg-Matrix-animation-output-transform-array" count="464">

-0.034690 0.219830 -0.974921 59.228619 0.539660 -0.816940 -0.203410 -111.920403 -0.841168 -0.533182 -0.090294 73.775253 0.000000 0.000000 0.000000 1.000000
-0.030078 0.217154 -0.975674 58.890411 0.562131 -0.803450 -0.196152 -112.693901 -0.826501 -0.554357 -0.097903 72.692497 0.000000 0.000000 0.000000 1.000000
-0.022248 0.214944 -0.976373 58.300999 0.565280 -0.802811 -0.189615 -111.768402 -0.824599 -0.556143 -0.103642 72.109673 0.000000 0.000000 0.000000 1.000000
-0.081201 0.208403 -0.974666 61.729961 0.815773 -0.547944 -0.185125 -125.898102 -0.572643 -0.810139 -0.125516 56.680111 0.000000 0.000000 0.000000 1.000000
-0.132643 0.196895 -0.971410 64.827927 0.948354 -0.259714 -0.182136 -134.077103 -0.288151 -0.945400 -0.152276 39.844769 0.000000 0.000000 0.000000 1.000000
-0.147253 0.197592 -0.969161 65.943993 0.964168 -0.189929 -0.185217 -137.246094 -0.220669 -0.961709 -0.162545 36.757149 0.000000 0.000000 0.000000 1.000000
-0.114491 0.195470 -0.974004 63.718910 0.867164 -0.458690 -0.193986 -147.959595 -0.484684 -0.866831 -0.116988 56.993309 0.000000 0.000000 0.000000 1.000000
-0.086605 0.188103 -0.978323 61.295349 0.645599 -0.737316 -0.198916 -158.111206 -0.758750 -0.648832 -0.057584 100.781303 0.000000 0.000000 0.000000 1.000000
-0.156390 0.175143 -0.972043 64.914513 0.849170 -0.478781 -0.222888 -156.812897 -0.504433 -0.860287 -0.073850 164.478394 0.000000 0.000000 0.000000 1.000000
-0.130968 0.182582 -0.974429 64.076950 0.619166 -0.752565 -0.224230 -142.833801 -0.774261 -0.632700 -0.014487 237.979202 0.000000 0.000000 0.000000 1.000000
-0.100086 0.185693 -0.977497 62.577080 0.327538 -0.921524 -0.208596 -116.242302 -0.939522 -0.341045 0.031410 294.329407 0.000000 0.000000 0.000000 1.000000
-0.065546 0.181461 -0.981211 60.370258 0.047369 -0.981651 -0.184707 -91.857811 -0.996724 -0.058586 0.055748 325.411804 0.000000 0.000000 0.000000 1.000000
-0.030850 0.168401 -0.985236 57.718849 -0.189684 -0.968779 -0.159648 -78.250542 -0.981360 0.181958 0.061830 336.005096 0.000000 0.000000 0.000000 1.000000
-0.000326 0.147318 -0.989089 55.069569 -0.349591 -0.926697 -0.137910 -84.132469 -0.936902 0.345732 0.051803 328.034607 0.000000 0.000000 0.000000 1.000000
0.022423 0.121583 -0.992328 52.892601 -0.429303 -0.895235 -0.119387 -111.096298 -0.902881 0.428687 0.032122 301.423401 0.000000 0.000000 0.000000 1.000000
0.036330 0.096431 -0.994676 51.582001 -0.455138 -0.884516 -0.102375 -150.583694 -0.889679 0.456434 0.011755 253.579102 0.000000 0.000000 0.000000 1.000000
0.070783 0.085597 -0.993812 49.818680 -0.512928 -0.851372 -0.109861 -142.968994 -0.855508 0.517531 -0.016357 98.970070 0.000000 0.000000 0.000000 1.000000
-0.037167 0.155269 -0.987173 58.006939 0.730289 -0.670087 -0.132891 -171.526794 -0.682126 -0.725861 -0.088486 75.882347 0.000000 0.000000 0.000000 1.000000
-0.133306 0.207468 -0.969116 65.111870 0.977289 -0.135010 -0.163333 -138.028793 -0.164726 -0.968880 -0.184759 33.419701 0.000000 0.000000 0.000000 1.000000
-0.142807 0.194835 -0.970384 65.678741 0.984489 -0.072992 -0.159539 -138.458405 -0.101914 -0.978116 -0.181389 29.672400 0.000000 0.000000 0.000000 1.000000
-0.133046 0.190277 -0.972673 65.096359 0.973587 -0.158637 -0.164204 -137.807907 -0.185546 -0.968829 -0.164145 34.661770 0.000000 0.000000 0.000000 1.000000
-0.126340 0.192715 -0.973087 64.696327 0.953477 -0.247075 -0.172726 -136.608200 -0.273712 -0.949640 -0.152534 39.921631 0.000000 0.000000 0.000000 1.000000
-0.114251 0.199515 -0.973211 63.975121 0.908035 -0.376431 -0.183771 -133.897202 -0.403012 -0.904706 -0.138159 47.635479 0.000000 0.000000 0.000000 1.000000
-0.088105 0.209416 -0.973849 62.415291 0.797985 -0.570314 -0.194835 -127.331802 -0.596201 -0.794284 -0.116863 59.160950 0.000000 0.000000 0.000000 1.000000
-0.034547 0.219585 -0.974982 59.220070 0.539691 -0.816991 -0.203125 -111.922203 -0.841154 -0.533206 -0.090283 73.774467 0.000000 0.000000 0.000000 1.000000
-0.034547 0.219585 -0.974982 59.220070 0.539691 -0.816991 -0.203125 -111.922203 -0.841154 -0.533206 -0.090283 73.774467 0.000000 0.000000 0.000000 1.000000
-0.034547 0.219585 -0.974982 59.220070 0.539691 -0.816991 -0.203125 -111.922203 -0.841154 -0.533206 -0.090283 73.774467 0.000000 0.000000 0.000000 1.000000
-0.034547 0.219585 -0.974982 59.220070 0.539691 -0.816991 -0.203125 -111.922203 -0.841154 -0.533206 -0.090283 73.774467 0.000000 0.000000 0.000000 1.000000
-0.034547 0.219585 -0.974982 59.220070 0.539691 -0.816991 -0.203125 -111.922203 -0.841154 -0.533206 -0.090283 73.774467 0.000000 0.000000 0.000000 1.000000</float_array>
          <technique_common>
            <accessor source="#bone_FL_leg-Matrix-animation-output-transform-array" count="29" stride="16">
              <param type="float4x4"/>
            </accessor>
          </technique_common>
        </source>
        <source id="bone_FL_leg-Interpolations">
          <Name_array id="bone_FL_leg-Interpolations-array" count="29">
 LINEAR LINEAR LINEAR LINEAR LINEAR LINEAR LINEAR LINEAR LINEAR LINEAR LINEAR
LINEAR LINEAR LINEAR LINEAR LINEAR LINEAR LINEAR LINEAR LINEAR LINEAR LINEAR LINEAR
LINEAR LINEAR LINEAR LINEAR LINEAR LINEAR</Name_array>
          <technique_common>
            <accessor source="#bone_FL_leg-Interpolations-array" count="29">
              <param type="name"/>
            </accessor>
          </technique_common>
        </source>
        <sampler id="bone_FL_leg-Matrix-animation-transform">
          <input semantic="INPUT" source="#bone_FL_leg-Matrix-animation-input"/>
          <input semantic="OUTPUT" source="#bone_FL_leg-Matrix-animation-output-transform"/>
          <input semantic="INTERPOLATION" source="#bone_FL_leg-Interpolations"/>
        </sampler>
        <channel source="#bone_FL_leg-Matrix-animation-transform" target="bone_FL_leg/matrix"/>
      </animation>
    </animation>
    <animation id="bone_RR_leg-anim" name="bone_RR_leg">
      <animation>
        <source id="bone_RR_leg-Matrix-animation-input">
          <float_array id="bone_RR_leg-Matrix-animation-input-array" count="29">

0.000000 0.033333 0.066667 0.100000 0.133333 0.166667 0.200000 0.233333 0.266667 0.300000 0.333333 0.366667 0.400000 0.433333 0.466667 0.500000
0.533333 0.566667 0.600000 0.633333 0.666667 0.700000 0.733333 0.766667 0.800000 0.833333 0.866667 0.900000 0.933333</float_array>
          <technique_common>
            <accessor source="#bone_RR_leg-Matrix-animation-input-array" count="29">
              <param name="TIME" type="float"/>
            </accessor>
          </technique_common>
        </source>
        <source id="bone_RR_leg-Matrix-animation-output-transform">
          <float_array id="bone_RR_leg-Matrix-animation-output-transform-array" count="464">

-0.093974 0.052330 0.994198 -38.949989 -0.529569 0.842994 -0.094427 62.884270 -0.843045 -0.535371 -0.051507 76.354103 0.000000 0.000000 0.000000 1.000000
-0.100036 0.034517 0.994385 -38.548199 -0.634214 0.767848 -0.090456 69.819839 -0.766659 -0.639701 -0.054921 71.291473 0.000000 0.000000 0.000000 1.000000
-0.102309 0.021897 0.994512 -38.397541 -0.694923 0.713776 -0.087205 73.843460 -0.711768 -0.700031 -0.057809 67.653503 0.000000 0.000000 0.000000 1.000000
-0.103341 0.013443 0.994555 -38.329208 -0.733492 0.674321 -0.085329 76.399643 -0.671797 -0.738316 -0.059824 65.004303 0.000000 0.000000 0.000000 1.000000
-0.104378 0.009248 0.994494 -38.260399 -0.756931 0.647881 -0.085469 77.953133 -0.645105 -0.761685 -0.060625 63.235249 0.000000 0.000000 0.000000 1.000000
-0.106148 0.009722 0.994303 -38.143120 -0.767950 0.634409 -0.088187 78.683456 -0.631653 -0.772936 -0.059876 62.343670 0.000000 0.000000 0.000000 1.000000
-0.108828 0.015441 0.993941 -37.965511 -0.766797 0.634996 -0.093822 78.607033 -0.632597 -0.772361 -0.057265 62.406250 0.000000 0.000000 0.000000 1.000000
-0.111447 0.030120 0.993314 -37.791962 -0.741810 0.662603 -0.103320 76.950974 -0.661285 -0.748365 -0.051502 64.307571 0.000000 0.000000 0.000000 1.000000
-0.110664 0.050849 0.992556 -37.843811 -0.689641 0.715197 -0.113530 73.493347 -0.715646 -0.697071 -0.044079 67.910454 0.000000 0.000000 0.000000 1.000000
-0.105818 0.068856 0.991999 -38.165001 -0.626832 0.769812 -0.120299 69.330521 -0.771936 -0.634546 -0.038299 71.641243 0.000000 0.000000 0.000000 1.000000
-0.103315 0.075954 0.991744 -38.330891 -0.600275 0.790270 -0.123058 67.570473 -0.793092 -0.608033 -0.036053 73.043381 0.000000 0.000000 0.000000 1.000000
-0.111124 0.066988 0.991546 -37.813339 -0.661245 0.739835 -0.124090 71.611359 -0.741894 -0.669445 -0.037918 69.650124 0.000000 0.000000 0.000000 1.000000
-0.122761 0.048472 0.991252 -37.042061 -0.751578 0.647740 -0.124753 77.598373 -0.648120 -0.760318 -0.043087 63.435101 0.000000 0.000000 0.000000 1.000000
-0.131945 0.026224 0.990910 -36.433361 -0.826076 0.549625 -0.124542 82.535896 -0.547894 -0.835000 -0.050857 56.792419 0.000000 0.000000 0.000000 1.000000
-0.135696 0.003050 0.990746 -36.184769 -0.875971 0.466833 -0.121413 85.842773 -0.462883 -0.884340 -0.060676 51.158119 0.000000 0.000000 0.000000 1.000000
-0.132606 -0.018087 0.991004 -36.389542 -0.903750 0.412768 -0.113397 87.683853 -0.407004 -0.910657 -0.071082 47.454609 0.000000 0.000000 0.000000 1.000000
-0.124309 -0.032513 0.991711 -36.939480 -0.912804 0.395597 -0.101449 88.283920 -0.389020 -0.917848 -0.078854 46.262680 0.000000 0.000000 0.000000 1.000000
-0.115983 -0.025767 0.992917 -37.491261 -0.871361 0.482454 -0.089264 85.537216 -0.476737 -0.875542 -0.078409 52.076302 0.000000 0.000000 0.000000 1.000000
-0.108126 -0.000797 0.994137 -38.011978 -0.748843 0.657788 -0.080920 77.417099 -0.653867 -0.753202 -0.071721 63.815990 0.000000 0.000000 0.000000 1.000000
-0.097295 0.027649 0.994871 -38.729889 -0.556428 0.827282 -0.077408 64.664391 -0.825180 -0.561106 -0.065106 75.170082 0.000000 0.000000 0.000000 1.000000
-0.088566 0.045168 0.995046 -39.308369 -0.412335 0.907695 -0.077903 55.114399 -0.906717 -0.417192 -0.061767 80.574120 0.000000 0.000000 0.000000 1.000000
-0.093489 0.040088 0.994813 -38.982121 -0.492622 0.866446 -0.081210 60.435509 -0.865207 -0.497659 -0.061255 77.822983 0.000000 0.000000 0.000000 1.000000
-0.100154 0.031932 0.994459 -38.540371 -0.600650 0.794871 -0.086016 67.595322 -0.793214 -0.605937 -0.060429 73.051483 0.000000 0.000000 0.000000 1.000000
-0.102881 0.031604 0.994191 -38.359638 -0.646149 0.757772 -0.090954 70.610840 -0.756245 -0.651753 -0.057540 70.601273 0.000000 0.000000 0.000000 1.000000
-0.093974 0.052330 0.994198 -38.949989 -0.529569 0.842994 -0.094427 62.884270 -0.843045 -0.535371 -0.051507 76.354103 0.000000 0.000000 0.000000 1.000000
-0.093974 0.052330 0.994198 -38.949989 -0.529569 0.842994 -0.094427 62.884270 -0.843045 -0.535371 -0.051507 76.354103 0.000000 0.000000 0.000000 1.000000
-0.093974 0.052330 0.994198 -38.949989 -0.529569 0.842994 -0.094427 62.884270 -0.843045 -0.535371 -0.051507 76.354103 0.000000 0.000000 0.000000 1.000000
-0.093974 0.052330 0.994198 -38.949989 -0.529569 0.842994 -0.094427 62.884270 -0.843045 -0.535371 -0.051507 76.354103 0.000000 0.000000 0.000000 1.000000
-0.093974 0.052330 0.994198 -38.949989 -0.529569 0.842994 -0.094427 62.884270 -0.843045 -0.535371 -0.051507 76.354103 0.000000 0.000000 0.000000 1.000000</float_array>
          <technique_common>
            <accessor source="#bone_RR_leg-Matrix-animation-output-transform-array" count="29" stride="16">
              <param type="float4x4"/>
            </accessor>
          </technique_common>
        </source>
        <source id="bone_RR_leg-Interpolations">
          <Name_array id="bone_RR_leg-Interpolations-array" count="29">
 LINEAR LINEAR LINEAR LINEAR LINEAR LINEAR LINEAR LINEAR LINEAR LINEAR LINEAR
LINEAR LINEAR LINEAR LINEAR LINEAR LINEAR LINEAR LINEAR LINEAR LINEAR LINEAR LINEAR
LINEAR LINEAR LINEAR LINEAR LINEAR LINEAR</Name_array>
          <technique_common>
            <accessor source="#bone_RR_leg-Interpolations-array" count="29">
              <param type="name"/>
            </accessor>
          </technique_common>
        </source>
        <sampler id="bone_RR_leg-Matrix-animation-transform">
          <input semantic="INPUT" source="#bone_RR_leg-Matrix-animation-input"/>
          <input semantic="OUTPUT" source="#bone_RR_leg-Matrix-animation-output-transform"/>
          <input semantic="INTERPOLATION" source="#bone_RR_leg-Interpolations"/>
        </sampler>
        <channel source="#bone_RR_leg-Matrix-animation-transform" target="bone_RR_leg/matrix"/>
      </animation>
    </animation>
    <animation id="bone_L_index01-anim" name="bone_L_index01">
      <animation>
        <source id="bone_L_index01-Matrix-animation-input">
          <float_array id="bone_L_index01-Matrix-animation-input-array" count="29">

0.000000 0.033333 0.066667 0.100000 0.133333 0.166667 0.200000 0.233333 0.266667 0.300000 0.333333 0.366667 0.400000 0.433333 0.466667 0.500000
0.533333 0.566667 0.600000 0.633333 0.666667 0.700000 0.733333 0.766667 0.800000 0.833333 0.866667 0.900000 0.933333</float_array>
          <technique_common>
            <accessor source="#bone_L_index01-Matrix-animation-input-array" count="29">
              <param name="TIME" type="float"/>
            </accessor>
          </technique_common>
        </source>
        <source id="bone_L_index01-Matrix-animation-output-transform">
          <float_array id="bone_L_index01-Matrix-animation-output-transform-array" count="464">

-0.967048 0.065613 0.245993 107.518402 0.253945 0.317482 0.913629 -47.335529 -0.018152 0.945992 -0.323683 163.210800 0.000000 0.000000 0.000000 1.000000
-0.934920 -0.278292 0.220178 133.158401 0.166985 0.202458 0.964950 -55.746498 -0.313114 0.938917 -0.142812 163.718506 0.000000 0.000000 0.000000 1.000000
-0.773452 -0.632101 0.047115 163.120804 0.039392 0.026252 0.998880 -71.329849 -0.632629 0.774441 0.004596 182.334396 0.000000 0.000000 0.000000 1.000000
-0.579750 -0.803416 -0.135696 182.770599 0.198234 -0.300615 0.932918 -101.848099 -0.790312 0.513959 0.333546 175.420807 0.000000 0.000000 0.000000 1.000000
-0.524797 -0.843402 -0.115158 186.166107 0.481529 -0.405701 0.776877 -129.312103 -0.701938 0.352250 0.619034 137.266098 0.000000 0.000000 0.000000 1.000000
-0.605601 -0.778357 0.165553 169.372406 0.627222 -0.338855 0.701263 -146.213501 -0.489734 0.528523 0.693415 99.580162 0.000000 0.000000 0.000000 1.000000
-0.653254 -0.525669 0.544915 133.347504 0.680487 -0.092082 0.726952 -167.103195 -0.331959 0.845691 0.417864 98.476250 0.000000 0.000000 0.000000 1.000000
-0.597713 -0.078367 0.797872 86.572617 0.731710 0.353378 0.582859 -188.188293 -0.327627 0.932192 -0.153877 149.355392 0.000000 0.000000 0.000000 1.000000
-0.493029 0.380079 0.782600 45.331409 0.666105 0.743558 0.058520 -179.241501 -0.559666 0.550146 -0.619770 248.880798 0.000000 0.000000 0.000000 1.000000
-0.428673 0.672176 0.603671 20.230471 0.359714 0.739916 -0.568446 -122.818703 -0.828761 -0.026528 -0.558974 347.470306 0.000000 0.000000 0.000000 1.000000
-0.402743 0.792877 0.457324 9.331161 -0.043176 0.482624 -0.874764 -51.703720 -0.914294 -0.372050 -0.160140 402.817993 0.000000 0.000000 0.000000 1.000000
-0.368480 0.846231 0.384856 4.515373 -0.376654 0.242584 -0.894027 3.423981 -0.849914 -0.474389 0.229349 419.283997 0.000000 0.000000 0.000000 1.000000
-0.316600 0.877931 0.359168 2.290665 -0.603745 0.105537 -0.790161 35.939911 -0.731612 -0.467011 0.496634 413.755615 0.000000 0.000000 0.000000 1.000000
-0.262681 0.869832 0.417601 5.501297 -0.698938 0.126839 -0.703845 32.506290 -0.665195 -0.476764 0.574640 402.287994 0.000000 0.000000 0.000000 1.000000
-0.237561 0.783431 0.574283 20.189251 -0.661547 0.302421 -0.686220 -8.021805 -0.711280 -0.542934 0.446433 395.140808 0.000000 0.000000 0.000000 1.000000
-0.262605 0.565360 0.781926 53.796909 -0.445048 0.648051 -0.618031 -85.944771 -0.856137 -0.510292 0.081431 367.143890 0.000000 0.000000 0.000000 1.000000
-0.386653 -0.029329 0.921759 120.384499 0.006385 0.999385 0.034477 -169.645996 -0.922203 0.019216 -0.386229 279.206299 0.000000 0.000000 0.000000 1.000000
-0.657514 -0.649359 0.382111 188.791107 0.326244 0.211767 0.921261 -147.087494 -0.679146 0.730402 0.072609 175.138199 0.000000 0.000000 0.000000 1.000000
-0.836809 -0.427129 -0.342506 189.537094 0.243042 -0.850376 0.466681 -64.270340 -0.490592 0.307280 0.815413 172.634705 0.000000 0.000000 0.000000 1.000000
-0.844575 -0.066326 -0.531313 162.229706 0.181231 -0.969140 -0.167104 -44.944599 -0.503833 -0.237422 0.830533 212.704697 0.000000 0.000000 0.000000 1.000000
-0.834811 -0.019121 -0.550205 151.793594 0.190540 -0.947667 -0.256167 -45.853470 -0.516512 -0.318687 0.794767 229.041702 0.000000 0.000000 0.000000 1.000000
-0.834860 -0.061942 -0.546966 146.959900 0.157287 -0.979065 -0.129199 -35.965111 -0.527512 -0.193894 0.827126 232.563904 0.000000 0.000000 0.000000 1.000000
-0.849205 -0.165789 -0.501363 147.167206 0.109531 -0.984090 0.139892 -20.083220 -0.516578 0.063882 0.853854 226.421402 0.000000 0.000000 0.000000 1.000000
-0.873595 -0.283045 -0.395874 148.580597 0.070818 -0.878742 0.472014 -5.753387 -0.481472 0.384314 0.787711 215.863602 0.000000 0.000000 0.000000 1.000000
-0.904108 -0.357459 -0.234118 147.660904 0.062898 -0.653259 0.754518 0.640198 -0.422648 0.667440 0.613101 208.931000 0.000000 0.000000 0.000000 1.000000
-0.935094 -0.352006 -0.041099 142.471893 0.114130 -0.408897 0.905417 -10.228250 -0.335517 0.841959 0.422532 191.318893 0.000000 0.000000 0.000000 1.000000
-0.957833 -0.257555 0.127363 132.485504 0.166293 -0.135434 0.976731 -23.024481 -0.234312 0.956725 0.172552 176.130096 0.000000 0.000000 0.000000 1.000000
-0.968311 -0.101979 0.227978 119.754097 0.215652 0.119009 0.969191 -35.856812 -0.125969 0.987642 -0.093246 166.322403 0.000000 0.000000 0.000000 1.000000
-0.967048 0.065613 0.245993 107.518402 0.253945 0.317482 0.913629 -47.335529 -0.018152 0.945992 -0.323683 163.210800 0.000000 0.000000 0.000000 1.000000</float_array>
          <technique_common>
            <accessor source="#bone_L_index01-Matrix-animation-output-transform-array" count="29" stride="16">
              <param type="float4x4"/>
            </accessor>
          </technique_common>
        </source>
        <source id="bone_L_index01-Interpolations">
          <Name_array id="bone_L_index01-Interpolations-array" count="29">
 LINEAR LINEAR LINEAR LINEAR LINEAR LINEAR LINEAR LINEAR LINEAR LINEAR LINEAR
LINEAR LINEAR LINEAR LINEAR LINEAR LINEAR LINEAR LINEAR LINEAR LINEAR LINEAR LINEAR
LINEAR LINEAR LINEAR LINEAR LINEAR LINEAR</Name_array>
          <technique_common>
            <accessor source="#bone_L_index01-Interpolations-array" count="29">
              <param type="name"/>
            </accessor>
          </technique_common>
        </source>
        <sampler id="bone_L_index01-Matrix-animation-transform">
          <input semantic="INPUT" source="#bone_L_index01-Matrix-animation-input"/>
          <input semantic="OUTPUT" source="#bone_L_index01-Matrix-animation-output-transform"/>
          <input semantic="INTERPOLATION" source="#bone_L_index01-Interpolations"/>
        </sampler>
        <channel source="#bone_L_index01-Matrix-animation-transform" target="bone_L_index01/matrix"/>
      </animation>
    </animation>
    <animation id="bone_L_hand-anim" name="bone_L_hand">
      <animation>
        <source id="bone_L_hand-Matrix-animation-input">
          <float_array id="bone_L_hand-Matrix-animation-input-array" count="29">

0.000000 0.033333 0.066667 0.100000 0.133333 0.166667 0.200000 0.233333 0.266667 0.300000 0.333333 0.366667 0.400000 0.433333 0.466667 0.500000
0.533333 0.566667 0.600000 0.633333 0.666667 0.700000 0.733333 0.766667 0.800000 0.833333 0.866667 0.900000 0.933333</float_array>
          <technique_common>
            <accessor source="#bone_L_hand-Matrix-animation-input-array" count="29">
              <param name="TIME" type="float"/>
            </accessor>
          </technique_common>
        </source>
        <source id="bone_L_hand-Matrix-animation-output-transform">
          <float_array id="bone_L_hand-Matrix-animation-output-transform-array" count="464">

0.217179 -0.975916 0.020524 107.206596 -0.090205 0.000871 0.995923 -25.567890 -0.971955 -0.218145 -0.087844 195.987000 0.000000 0.000000 0.000000 1.000000
0.524044 -0.848211 -0.076912 119.744400 0.050589 -0.059145 0.996967 -38.320801 -0.850187 -0.526346 0.011915 196.346893 0.000000 0.000000 0.000000 1.000000
0.770259 -0.570389 -0.285233 135.551407 0.252299 -0.138221 0.957727 -60.937389 -0.585702 -0.809661 0.037442 208.413803 0.000000 0.000000 0.000000 1.000000
0.836326 -0.309663 -0.452402 148.040695 0.504507 0.111769 0.856143 -103.618202 -0.214551 -0.944254 0.249702 193.830399 0.000000 0.000000 0.000000 1.000000
0.867702 -0.250234 -0.429507 150.397598 0.497084 0.435020 0.750777 -135.017502 -0.001026 -0.864951 0.501854 152.637100 0.000000 0.000000 0.000000 1.000000
0.904531 -0.391746 -0.168401 138.228897 0.381698 0.567825 0.729302 -149.318893 -0.190079 -0.723954 0.663144 123.426399 0.000000 0.000000 0.000000 1.000000
0.787169 -0.569157 0.237540 115.021301 0.147119 0.547325 0.823888 -160.341599 -0.598933 -0.613592 0.514571 132.632294 0.000000 0.000000 0.000000 1.000000
0.429746 -0.679997 0.594072 87.815933 -0.321056 0.499857 0.804404 -165.603104 -0.843944 -0.536420 -0.003506 181.551193 0.000000 0.000000 0.000000 1.000000
-0.025272 -0.702023 0.711706 64.355591 -0.821061 0.420708 0.385828 -147.038101 -0.570280 -0.574603 -0.587036 261.096802 0.000000 0.000000 0.000000 1.000000
-0.363006 -0.689740 0.626487 49.014462 -0.930769 0.236996 -0.278392 -98.126373 0.043544 -0.684172 -0.728019 336.983398 0.000000 0.000000 0.000000 1.000000
-0.523103 -0.673081 0.522806 41.478321 -0.691249 -0.023756 -0.722226 -41.689339 0.498536 -0.739187 -0.452840 382.459198 0.000000 0.000000 0.000000 1.000000
-0.601003 -0.642791 0.474989 38.197029 -0.400796 -0.271785 -0.874926 2.418900 0.691489 -0.716207 -0.094285 398.967987 0.000000 0.000000 0.000000 1.000000
-0.649112 -0.597841 0.470361 37.208801 -0.194260 -0.467552 -0.862356 29.508289 0.735471 -0.651138 0.187357 396.798004 0.000000 0.000000 0.000000 1.000000
-0.636467 -0.554398 0.536240 40.932449 -0.169006 -0.578101 -0.798271 27.177919 0.752560 -0.598701 0.274246 386.026001 0.000000 0.000000 0.000000 1.000000
-0.516438 -0.533673 0.669690 53.919331 -0.335988 -0.593059 -0.731706 -6.338409 0.787657 -0.602889 0.126971 374.950409 0.000000 0.000000 0.000000 1.000000
-0.248095 -0.533527 0.808578 81.042427 -0.685889 -0.492693 -0.535546 -69.402473 0.684109 -0.687460 -0.243706 344.073608 0.000000 0.000000 0.000000 1.000000
0.373899 -0.514067 0.771968 125.731003 -0.924803 -0.269716 0.268315 -131.422302 0.070281 -0.814241 -0.576257 271.553314 0.000000 0.000000 0.000000 1.000000
0.857094 -0.512326 0.053956 164.257095 -0.004869 0.096676 0.995304 -128.877396 -0.515137 -0.853332 0.080365 199.931000 0.000000 0.000000 0.000000 1.000000
0.481204 -0.620101 -0.619610 165.818497 0.875091 0.381381 0.297934 -90.930054 0.051559 -0.685582 0.726167 189.214798 0.000000 0.000000 0.000000 1.000000
0.092014 -0.693079 -0.714965 150.406296 0.818287 0.461763 -0.342317 -82.260468 0.567397 -0.553548 0.609626 208.712296 0.000000 0.000000 0.000000 1.000000
0.040434 -0.693388 -0.719430 141.636307 0.770793 0.479809 -0.419120 -83.126427 0.635802 -0.537584 0.553859 221.574203 0.000000 0.000000 0.000000 1.000000
0.081358 -0.682414 -0.726424 135.209503 0.843536 0.435354 -0.314505 -73.433678 0.530874 -0.587178 0.611060 230.065796 0.000000 0.000000 0.000000 1.000000
0.194448 -0.675652 -0.711115 131.826004 0.935367 0.346057 -0.073031 -55.516079 0.295430 -0.650953 0.699273 233.995300 0.000000 0.000000 0.000000 1.000000
0.339328 -0.684891 -0.644811 129.638702 0.940181 0.224886 0.255900 -34.340511 -0.030255 -0.693073 0.720232 235.155701 0.000000 0.000000 0.000000 1.000000
0.461588 -0.720996 -0.516818 127.227798 0.812005 0.108824 0.573415 -16.843800 -0.357188 -0.684340 0.635685 237.653793 0.000000 0.000000 0.000000 1.000000
0.518297 -0.784397 -0.340720 123.859299 0.615878 0.065931 0.785078 -16.795170 -0.593349 -0.616745 0.517265 225.357803 0.000000 0.000000 0.000000 1.000000
0.483104 -0.859878 -0.164988 118.883301 0.369643 0.029482 0.928706 -18.298840 -0.793709 -0.509648 0.332091 212.747803 0.000000 0.000000 0.000000 1.000000
0.368813 -0.928804 -0.036055 112.918701 0.119252 0.008813 0.992825 -21.299740 -0.921822 -0.370466 0.114012 202.233093 0.000000 0.000000 0.000000 1.000000
0.217179 -0.975916 0.020525 107.206596 -0.090206 0.000871 0.995923 -25.567890 -0.971955 -0.218145 -0.087844 195.987000 0.000000 0.000000 0.000000 1.000000</float_array>
          <technique_common>
            <accessor source="#bone_L_hand-Matrix-animation-output-transform-array" count="29" stride="16">
              <param type="float4x4"/>
            </accessor>
          </technique_common>
        </source>
        <source id="bone_L_hand-Interpolations">
          <Name_array id="bone_L_hand-Interpolations-array" count="29">
 LINEAR LINEAR LINEAR LINEAR LINEAR LINEAR LINEAR LINEAR LINEAR LINEAR LINEAR
LINEAR LINEAR LINEAR LINEAR LINEAR LINEAR LINEAR LINEAR LINEAR LINEAR LINEAR LINEAR
LINEAR LINEAR LINEAR LINEAR LINEAR LINEAR</Name_array>
          <technique_common>
            <accessor source="#bone_L_hand-Interpolations-array" count="29">
              <param type="name"/>
            </accessor>
          </technique_common>
        </source>
        <sampler id="bone_L_hand-Matrix-animation-transform">
          <input semantic="INPUT" source="#bone_L_hand-Matrix-animation-input"/>
          <input semantic="OUTPUT" source="#bone_L_hand-Matrix-animation-output-transform"/>
          <input semantic="INTERPOLATION" source="#bone_L_hand-Interpolations"/>
        </sampler>
        <channel source="#bone_L_hand-Matrix-animation-transform" target="bone_L_hand/matrix"/>
      </animation>
    </animation>
    <animation id="bone_L_arm-anim" name="bone_L_arm">
      <animation>
        <source id="bone_L_arm-Matrix-animation-input">
          <float_array id="bone_L_arm-Matrix-animation-input-array" count="29">

0.000000 0.033333 0.066667 0.100000 0.133333 0.166667 0.200000 0.233333 0.266667 0.300000 0.333333 0.366667 0.400000 0.433333 0.466667 0.500000
0.533333 0.566667 0.600000 0.633333 0.666667 0.700000 0.733333 0.766667 0.800000 0.833333 0.866667 0.900000 0.933333</float_array>
          <technique_common>
            <accessor source="#bone_L_arm-Matrix-animation-input-array" count="29">
              <param name="TIME" type="float"/>
            </accessor>
          </technique_common>
        </source>
        <source id="bone_L_arm-Matrix-animation-output-transform">
          <float_array id="bone_L_arm-Matrix-animation-output-transform-array" count="464">

0.615928 0.216811 0.757381 68.882133 -0.185021 0.974305 -0.128443 -14.055460 -0.765768 -0.061020 0.640216 243.634796 0.000000 0.000000 0.000000 1.000000
0.655903 0.293830 0.695310 78.932663 -0.303186 0.946110 -0.113812 -19.455870 -0.691281 -0.136159 0.709641 239.360001 0.000000 0.000000 0.000000 1.000000
0.710353 0.360509 0.604509 91.351624 -0.395242 0.914979 -0.081219 -36.344528 -0.582394 -0.181234 0.792447 244.651703 0.000000 0.000000 0.000000 1.000000
0.718235 0.416121 0.557657 103.350502 -0.305627 0.908679 -0.284420 -84.601387 -0.625085 0.033845 0.779823 232.724594 0.000000 0.000000 0.000000 1.000000
0.642387 0.496586 0.583730 110.426697 -0.191867 0.841624 -0.504832 -123.079102 -0.741974 0.212299 0.635927 198.804398 0.000000 0.000000 0.000000 1.000000
0.454469 0.584279 0.672366 109.950699 -0.197090 0.802070 -0.563772 -137.055496 -0.868685 0.123701 0.479672 177.477997 0.000000 0.000000 0.000000 1.000000
0.187588 0.603360 0.775092 103.349098 -0.407817 0.765714 -0.497360 -134.966293 -0.893586 -0.222797 0.389700 188.233307 0.000000 0.000000 0.000000 1.000000
-0.089233 0.499619 0.861637 93.368240 -0.720554 0.564864 -0.402158 -120.768600 -0.687633 -0.656742 0.309597 224.337402 0.000000 0.000000 0.000000 1.000000
-0.285315 0.299587 0.910408 82.108513 -0.934961 0.121937 -0.333135 -88.862694 -0.210815 -0.946245 0.245312 274.214294 0.000000 0.000000 0.000000 1.000000
-0.369042 0.096893 0.924348 71.977173 -0.869265 -0.387952 -0.306384 -44.038700 0.328917 -0.916572 0.227397 316.517487 0.000000 0.000000 0.000000 1.000000
-0.383854 -0.013393 0.923296 65.362602 -0.619895 -0.737349 -0.268413 -3.117989 0.684387 -0.675379 0.274732 339.875092 0.000000 0.000000 0.000000 1.000000
-0.390232 0.001192 0.920716 62.478130 -0.362748 -0.919315 -0.152555 24.989910 0.846247 -0.393519 0.359178 346.312592 0.000000 0.000000 0.000000 1.000000
-0.387386 0.114287 0.914806 61.312851 -0.180177 -0.982537 0.046450 40.719311 0.904140 -0.146833 0.401213 340.540314 0.000000 0.000000 0.000000 1.000000
-0.333585 0.294024 0.895695 61.688881 -0.147940 -0.954673 0.258287 36.383091 0.931040 -0.046348 0.361963 328.094604 0.000000 0.000000 0.000000 1.000000
-0.192221 0.484020 0.853684 65.879791 -0.283779 -0.860157 0.423792 11.319030 0.939425 -0.160796 0.302695 316.497192 0.000000 0.000000 0.000000 1.000000
0.038510 0.609414 0.791917 78.646294 -0.581558 -0.630793 0.513703 -33.216572 0.812593 -0.480328 0.330118 293.512207 0.000000 0.000000 0.000000 1.000000
0.452820 0.587214 0.670920 97.555443 -0.835229 0.016051 0.549668 -79.452423 0.312004 -0.809272 0.497726 252.139694 0.000000 0.000000 0.000000 1.000000
0.865761 0.194141 0.461267 110.387497 -0.401801 0.819117 0.409393 -103.876404 -0.298352 -0.539774 0.787166 218.495102 0.000000 0.000000 0.000000 1.000000
0.890964 -0.352307 0.286465 110.380699 0.361675 0.932059 0.021403 -113.434303 -0.274543 0.084538 0.957851 206.297501 0.000000 0.000000 0.000000 1.000000
0.753120 -0.613110 0.238552 103.545502 0.657332 0.686436 -0.310999 -123.161201 0.026926 0.391027 0.919985 207.036896 0.000000 0.000000 0.000000 1.000000
0.720621 -0.643122 0.259035 96.797638 0.684793 0.601765 -0.411019 -125.735802 0.108457 0.473575 0.874050 214.825806 0.000000 0.000000 0.000000 1.000000
0.729215 -0.616846 0.296220 89.836052 0.682965 0.629205 -0.371026 -115.929298 0.042483 0.472865 0.880110 227.422394 0.000000 0.000000 0.000000 1.000000
0.765059 -0.540343 0.350305 84.222214 0.634463 0.725569 -0.266468 -94.993843 -0.110187 0.426119 0.897931 240.851303 0.000000 0.000000 0.000000 1.000000
0.804753 -0.423758 0.415694 79.565071 0.519210 0.841929 -0.146893 -66.646950 -0.287738 0.334045 0.897564 253.059402 0.000000 0.000000 0.000000 1.000000
0.824952 -0.282997 0.489251 75.897346 0.357288 0.931837 -0.063439 -39.075050 -0.437950 0.227138 0.869832 264.904114 0.000000 0.000000 0.000000 1.000000
0.813677 -0.127357 0.567194 73.230370 0.208514 0.974720 -0.080264 -29.769360 -0.542633 0.183576 0.819664 259.121704 0.000000 0.000000 0.000000 1.000000
0.768155 0.018479 0.639997 71.086960 0.056519 0.993724 -0.096529 -21.815599 -0.637764 0.110321 0.762290 252.431000 0.000000 0.000000 0.000000 1.000000
0.696799 0.136679 0.704123 69.562241 -0.080304 0.990370 -0.112775 -16.303061 -0.712757 0.022037 0.701065 246.582504 0.000000 0.000000 0.000000 1.000000
0.615928 0.216811 0.757381 68.882118 -0.185021 0.974305 -0.128443 -14.055460 -0.765768 -0.061020 0.640216 243.634796 0.000000 0.000000 0.000000 1.000000</float_array>
          <technique_common>
            <accessor source="#bone_L_arm-Matrix-animation-output-transform-array" count="29" stride="16">
              <param type="float4x4"/>
            </accessor>
          </technique_common>
        </source>
        <source id="bone_L_arm-Interpolations">
          <Name_array id="bone_L_arm-Interpolations-array" count="29">
 LINEAR LINEAR LINEAR LINEAR LINEAR LINEAR LINEAR LINEAR LINEAR LINEAR LINEAR
LINEAR LINEAR LINEAR LINEAR LINEAR LINEAR LINEAR LINEAR LINEAR LINEAR LINEAR LINEAR
LINEAR LINEAR LINEAR LINEAR LINEAR LINEAR</Name_array>
          <technique_common>
            <accessor source="#bone_L_arm-Interpolations-array" count="29">
              <param type="name"/>
            </accessor>
          </technique_common>
        </source>
        <sampler id="bone_L_arm-Matrix-animation-transform">
          <input semantic="INPUT" source="#bone_L_arm-Matrix-animation-input"/>
          <input semantic="OUTPUT" source="#bone_L_arm-Matrix-animation-output-transform"/>
          <input semantic="INTERPOLATION" source="#bone_L_arm-Interpolations"/>
        </sampler>
        <channel source="#bone_L_arm-Matrix-animation-transform" target="bone_L_arm/matrix"/>
      </animation>
